1,2,10000,3.368673324584961,5.741112232208252
2,2,10000,3.4248058795928955,5.802339553833008
3,2,10000,3.886465549468994,6.217447280883789
4,2,10000,1.9425443410873413,4.096275329589844
5,2,10000,3.321890115737915,5.373968124389648
6,2,10000,2.1266300678253174,4.274553298950195
7,2,10000,1.5662198066711426,3.6176412105560303
8,2,10000,1.363421082496643,3.2495007514953613
9,2,10000,2.3945608139038086,4.7950968742370605
10,2,10000,1.245486855506897,3.1712937355041504
11,2,10000,1.1665410995483398,3.104583263397217
12,2,10000,1.0994857549667358,2.939265489578247
13,2,10000,1.0274763107299805,2.8547372817993164
14,2,10000,1.3110696077346802,3.2357099056243896
15,2,10000,0.9748584628105164,2.738142490386963
16,2,10000,1.0019563436508179,2.785294532775879
17,2,10000,1.0997511148452759,3.0424609184265137
18,2,10000,1.2988731861114502,3.1842875480651855
19,2,10000,1.0215932130813599,2.860419750213623
20,2,10000,0.9185959696769714,2.7483150959014893
21,2,10000,0.9779031276702881,2.724592447280884
22,2,10000,0.8957895040512085,2.752289056777954
23,2,10000,0.9731707572937012,2.760523796081543
24,2,10000,0.9082226157188416,2.78686785697937
25,2,10000,1.0257678031921387,2.8802077770233154
26,2,10000,0.9537208676338196,2.727292060852051
27,2,10000,0.9456586837768555,2.7495152950286865
28,2,10000,0.8392574191093445,2.7467832565307617
29,2,10000,0.8325861692428589,2.7818429470062256
30,2,10000,0.8633819818496704,2.7327470779418945
31,2,10000,0.9777565002441406,2.794163465499878
32,2,10000,0.8629192113876343,2.802452325820923
33,2,10000,0.9491699934005737,2.7584142684936523
34,2,10000,0.826292872428894,2.7854580879211426
35,2,10000,0.6285561919212341,2.627251625061035
36,2,10000,0.9474694728851318,2.729862928390503
37,2,10000,0.9500387907028198,2.7617762088775635
38,2,10000,0.7931696772575378,2.681370496749878
39,2,10000,0.8266526460647583,2.7853291034698486
40,2,10000,0.9647437334060669,2.7612085342407227
41,2,10000,0.8239796161651611,2.7846570014953613
42,2,10000,0.8326608538627625,2.7806825637817383
43,2,10000,0.8286454677581787,2.767652750015259
44,2,10000,0.8230808973312378,2.781937837600708
45,2,10000,0.8256850838661194,2.774596929550171
46,2,10000,0.8252044320106506,2.7778573036193848
47,2,10000,0.8227229714393616,2.763486623764038
48,2,10000,0.47644174098968506,2.609149217605591
49,2,10000,0.8235637545585632,2.7725272178649902
50,2,10000,0.8250502347946167,2.794811725616455
51,2,10000,0.786203920841217,2.8066625595092773
52,2,10000,0.8205338716506958,2.760511875152588
53,2,10000,0.8213975429534912,2.759711503982544
54,2,10000,0.8297224640846252,2.776707410812378
55,2,10000,0.828359842300415,2.7706727981567383
56,2,10000,0.8260518908500671,2.7801883220672607
57,2,10000,0.8246317505836487,2.764580249786377
58,2,10000,0.6576070785522461,2.657038927078247
59,2,10000,0.8220890760421753,2.764435291290283
60,2,10000,0.8234829902648926,2.7794740200042725
61,2,10000,0.8192510604858398,2.7478392124176025
62,2,10000,0.822602391242981,2.772777557373047
63,2,10000,0.8209362030029297,2.759171485900879
64,2,10000,0.8206433057785034,2.754913330078125
65,2,10000,0.8228832483291626,2.7771713733673096
66,2,10000,0.8195545077323914,2.753955841064453
67,2,10000,0.8224439024925232,2.764350652694702
68,2,10000,0.8196142315864563,2.764486312866211
69,2,10000,0.8192508816719055,2.75892972946167
70,2,10000,0.12554363906383514,2.5436112880706787
71,2,10000,0.5450642704963684,2.7078421115875244
72,2,10000,0.5130256414413452,2.5676779747009277
73,2,10000,0.8209552764892578,2.7710251808166504
74,2,10000,0.4706282913684845,2.595611333847046
75,2,10000,0.4399125277996063,2.4665260314941406
76,2,10000,0.22815290093421936,2.530282974243164
77,2,10000,0.8198687434196472,2.7613365650177
78,2,10000,0.4212065637111664,2.37631893157959
79,2,10000,0.8196637630462646,2.7667105197906494
80,2,10000,0.2913580536842346,2.5081422328948975
81,2,10000,0.11644654721021652,2.5824084281921387
82,2,10000,0.33719009160995483,2.536151647567749
83,2,10000,0.8221802115440369,2.7536709308624268
84,2,10000,0.19612792134284973,2.253976583480835
85,2,10000,0.8204373121261597,2.781144380569458
86,2,10000,0.19053295254707336,2.490309000015259
87,2,10000,0.1560247838497162,2.5456395149230957
88,2,10000,0.14023248851299286,2.5094966888427734
89,2,10000,0.8199201822280884,2.746800422668457
90,2,10000,0.14792051911354065,2.5797252655029297
91,2,10000,0.4372967779636383,2.5180909633636475
92,2,10000,0.12851235270500183,2.4156548976898193
93,2,10000,0.14212921261787415,2.5056581497192383
94,2,10000,0.3976890742778778,2.4855597019195557
95,2,10000,0.819364070892334,2.7547736167907715
96,2,10000,0.819767415523529,2.746212959289551
97,2,10000,0.10089190304279327,2.591094970703125
98,2,10000,0.20880554616451263,2.48616623878479
99,2,10000,0.8200417757034302,2.758925437927246
100,2,10000,0.8197017908096313,2.74694561958313
101,2,10000,0.8197444081306458,2.75467586517334
102,2,10000,0.11797872185707092,2.581359386444092
103,2,10000,0.8194764852523804,2.756692409515381
104,2,10000,0.131317138671875,2.387406349182129
105,2,10000,0.8192822933197021,2.770750045776367
106,2,10000,0.23133587837219238,2.334007740020752
107,2,10000,0.8193010091781616,2.755769729614258
108,2,10000,0.09543357789516449,2.555277109146118
109,2,10000,0.20827613770961761,2.400252342224121
110,2,10000,0.2965549826622009,2.5258970260620117
111,2,10000,0.819701075553894,2.765437602996826
112,2,10000,0.8185872435569763,2.7471134662628174
113,2,10000,0.10001816600561142,2.4431188106536865
114,2,10000,0.8201777935028076,2.7447621822357178
115,2,10000,0.8203604817390442,2.7617645263671875
116,2,10000,0.1178995743393898,2.506218910217285
117,2,10000,0.2817131280899048,2.383986234664917
118,2,10000,0.19797396659851074,2.502455949783325
119,2,10000,0.8201019763946533,2.7537217140197754
120,2,10000,0.1649293750524521,2.523869752883911
121,2,10000,0.8205460906028748,2.749128580093384
122,2,10000,0.10429506748914719,2.556203842163086
123,2,10000,0.09460797905921936,2.6229233741760254
124,2,10000,0.11745958775281906,2.5790977478027344
125,2,10000,0.12630806863307953,2.54435658454895
126,2,10000,0.1576135754585266,2.453319549560547
127,2,10000,0.8191660642623901,2.767139196395874
128,2,10000,0.09436143934726715,2.5325276851654053
129,2,10000,0.21857796609401703,2.5032784938812256
130,2,10000,0.09673967957496643,2.622314453125
131,2,10000,0.20151083171367645,2.2270193099975586
132,2,10000,0.8186565041542053,2.744124174118042
133,2,10000,0.8200696110725403,2.7625067234039307
134,2,10000,0.10547028481960297,2.493830919265747
135,2,10000,0.08120173215866089,2.9325666427612305
136,2,10000,0.8196578025817871,2.7475075721740723
137,2,10000,0.8187366724014282,2.7487800121307373
138,2,10000,0.2455562800168991,2.548999309539795
139,2,10000,0.13940729200839996,2.7380621433258057
140,2,10000,0.8198516368865967,2.7562673091888428
141,2,10000,0.09731874614953995,2.534407377243042
142,2,10000,0.06519903987646103,2.696758270263672
143,2,10000,0.09686126559972763,2.535759449005127
144,2,10000,0.10329706221818924,2.573931932449341
145,2,10000,0.09563656896352768,2.432482957839966
146,2,10000,0.1477670967578888,2.507584571838379
147,2,10000,0.8190730810165405,2.7478787899017334
148,2,10000,0.10674692690372467,2.33894681930542
149,2,10000,0.1345887929201126,2.322086811065674
150,2,10000,0.09007442742586136,2.5187060832977295
151,2,10000,0.8185570240020752,2.7493886947631836
152,2,10000,0.8183229565620422,2.7475621700286865
153,2,10000,0.10876725614070892,2.411604404449463
154,2,10000,0.10404272377490997,2.6439664363861084
155,2,10000,0.18889567255973816,2.438291072845459
156,2,10000,0.09892479330301285,2.510004997253418
157,2,10000,0.09870263189077377,2.549834728240967
158,2,10000,0.13067235052585602,2.569880962371826
159,2,10000,0.11661819368600845,2.45623517036438
160,2,10000,0.10669490694999695,2.485393762588501
161,2,10000,0.08822406828403473,2.534318208694458
162,2,10000,0.09587141126394272,2.56392240524292
163,2,10000,0.10116580128669739,2.579399347305298
164,2,10000,0.09149619936943054,2.576648473739624
165,2,10000,0.819362461566925,2.759873151779175
166,2,10000,0.15956462919712067,2.458991765975952
167,2,10000,0.08937279880046844,2.6077070236206055
168,2,10000,0.08973261713981628,2.563725233078003
169,2,10000,0.10276032239198685,2.489072561264038
170,2,10000,0.09296240657567978,2.452254056930542
171,2,10000,0.13669706881046295,2.460926055908203
172,2,10000,0.0930129811167717,2.427290916442871
173,2,10000,0.11094684153795242,2.424445629119873
174,2,10000,0.15139256417751312,2.3884665966033936
175,2,10000,0.09313300251960754,2.528559684753418
176,2,10000,0.0961499959230423,2.469467878341675
177,2,10000,0.20541617274284363,2.380345106124878
178,2,10000,0.8194401264190674,2.7644951343536377
179,2,10000,0.08761616051197052,2.5971896648406982
180,2,10000,0.0948350578546524,2.405186414718628
181,2,10000,0.09472201019525528,2.5166101455688477
182,2,10000,0.09495652467012405,2.5457160472869873
183,2,10000,0.06700906902551651,2.7847533226013184
184,2,10000,0.09490153938531876,2.36183500289917
185,2,10000,0.8193259835243225,2.7423713207244873
186,2,10000,0.09229706972837448,2.5024847984313965
187,2,10000,0.07676435261964798,2.5498788356781006
188,2,10000,0.10058476030826569,2.5313925743103027
189,2,10000,0.0924195945262909,2.5584802627563477
190,2,10000,0.09420675784349442,2.4164910316467285
191,2,10000,0.819333016872406,2.7561357021331787
192,2,10000,0.10173507779836655,2.536395788192749
193,2,10000,0.09448280185461044,2.6019318103790283
194,2,10000,0.09242741018533707,2.4445343017578125
195,2,10000,0.09402898699045181,2.4174129962921143
196,2,10000,0.8193191289901733,2.746126890182495
197,2,10000,0.08760658651590347,2.5242745876312256
198,2,10000,0.09711003303527832,2.4014852046966553
199,2,10000,0.06425002962350845,2.624678611755371
200,2,10000,0.08775483816862106,2.597364664077759
201,2,10000,0.8199109435081482,2.7498812675476074
202,2,10000,0.0987052172422409,2.5754175186157227
203,2,10000,0.09537621587514877,2.4770572185516357
204,2,10000,0.06602030992507935,2.749316692352295
205,2,10000,0.09457718580961227,2.361503839492798
206,2,10000,0.11754263192415237,2.4169750213623047
207,2,10000,0.09325536340475082,2.4454212188720703
208,2,10000,0.14540591835975647,2.5137412548065186
209,2,10000,0.0598725825548172,2.7749407291412354
210,2,10000,0.8190422058105469,2.747164011001587
211,2,10000,0.09469487518072128,2.4604380130767822
212,2,10000,0.09123913943767548,2.5969297885894775
213,2,10000,0.09306295961141586,2.5254929065704346
214,2,10000,0.09140057116746902,2.4901371002197266
215,2,10000,0.8187248706817627,2.7531180381774902
216,2,10000,0.8193899989128113,2.7610297203063965
217,2,10000,0.08281490206718445,2.5564959049224854
218,2,10000,0.09463775157928467,2.567225217819214
219,2,10000,0.09446927160024643,2.4787440299987793
220,2,10000,0.8196232914924622,2.755056619644165
221,2,10000,0.09099703282117844,2.467118740081787
222,2,10000,0.09335273504257202,2.521333932876587
223,2,10000,0.08647526800632477,2.6647231578826904
224,2,10000,0.058433640748262405,2.796142816543579
225,2,10000,0.09136870503425598,2.656618356704712
226,2,10000,0.07112271338701248,2.7024877071380615
227,2,10000,0.06379726529121399,2.647287130355835
228,2,10000,0.09190677106380463,2.476290464401245
229,2,10000,0.06299488991498947,2.71834397315979
230,2,10000,0.13672086596488953,2.5252628326416016
231,2,10000,0.08966685831546783,2.4719126224517822
232,2,10000,0.09046341478824615,2.4019665718078613
233,2,10000,0.09433616697788239,2.322845458984375
234,2,10000,0.0911865383386612,2.510488510131836
235,2,10000,0.09487197548151016,2.49104642868042
236,2,10000,0.09089039266109467,2.5570008754730225
237,2,10000,0.09390488266944885,2.3881328105926514
238,2,10000,0.08581721782684326,2.5106515884399414
239,2,10000,0.0923871174454689,2.3921737670898438
240,2,10000,0.08964824676513672,2.479391574859619
241,2,10000,0.0959164947271347,2.2746810913085938
242,2,10000,0.0791858583688736,2.7004804611206055
243,2,10000,0.09304169565439224,2.5382442474365234
244,2,10000,0.09290928393602371,2.5490643978118896
245,2,10000,0.09089542925357819,2.3856565952301025
246,2,10000,0.09308723360300064,2.598391056060791
247,2,10000,0.09032133966684341,2.587587594985962
248,2,10000,0.09345680475234985,2.459172487258911
249,2,10000,0.09323784708976746,2.5963215827941895
250,2,10000,0.08948488533496857,2.561100721359253
251,2,10000,0.08887362480163574,2.500986337661743
252,2,10000,0.08950294554233551,2.540114641189575
253,2,10000,0.06933914124965668,2.765921115875244
254,2,10000,0.0948890969157219,2.4317734241485596
255,2,10000,0.06638943403959274,2.675645589828491
256,2,10000,0.09482362121343613,2.4476518630981445
257,2,10000,0.07055843621492386,2.82767391204834
258,2,10000,0.0757765844464302,2.7800562381744385
259,2,10000,0.10215437412261963,2.420835256576538
260,2,10000,0.07836370170116425,2.597691059112549
261,2,10000,0.09341363608837128,2.556277275085449
262,2,10000,0.08953893929719925,2.6356639862060547
263,2,10000,0.08163442462682724,2.695244789123535
264,2,10000,0.05610177293419838,2.7229206562042236
265,2,10000,0.09349678456783295,2.5754075050354004
266,2,10000,0.0976136103272438,2.4685134887695312
267,2,10000,0.09030487388372421,2.5165512561798096
268,2,10000,0.09158970415592194,2.462758779525757
269,2,10000,0.09479498118162155,2.4587860107421875
270,2,10000,0.0901855006814003,2.585550546646118
271,2,10000,0.09281893819570541,2.492206335067749
272,2,10000,0.08749154955148697,2.50053334236145
273,2,10000,0.09410741180181503,2.5702993869781494
274,2,10000,0.08328691124916077,2.6176726818084717
275,2,10000,0.09282505512237549,2.4885005950927734
276,2,10000,0.07375221699476242,2.6590821743011475
277,2,10000,0.07046045362949371,2.6546971797943115
278,2,10000,0.07715253531932831,2.5947134494781494
279,2,10000,0.08835902810096741,2.523310899734497
280,2,10000,0.092439204454422,2.401522636413574
281,2,10000,0.08222293108701706,2.637117624282837
282,2,10000,0.09159445762634277,2.4629366397857666
283,2,10000,0.06911338120698929,2.6171059608459473
284,2,10000,0.051365166902542114,2.8801109790802
285,2,10000,0.08727961033582687,2.438681125640869
286,2,10000,0.08984991908073425,2.772496461868286
287,2,10000,0.09280171245336533,2.6128640174865723
288,2,10000,0.0903778001666069,2.490840435028076
289,2,10000,0.0808984562754631,2.6058521270751953
290,2,10000,0.08736839890480042,2.547842025756836
291,2,10000,0.08828888088464737,2.4456379413604736
292,2,10000,0.0712423101067543,2.7919564247131348
293,2,10000,0.093909852206707,2.6044692993164062
294,2,10000,0.09101574867963791,2.5847480297088623
295,2,10000,0.061471741646528244,2.766585350036621
296,2,10000,0.09357955306768417,2.435959815979004
297,2,10000,0.06854601204395294,2.687063694000244
298,2,10000,0.09141050279140472,2.5305774211883545
299,2,10000,0.08863165229558945,2.5964913368225098
300,2,10000,0.07612864673137665,2.598365068435669
301,2,10000,0.08850901573896408,2.4921183586120605
302,2,10000,0.07704642415046692,2.6427531242370605
303,2,10000,0.09325043857097626,2.406472682952881
304,2,10000,0.08951790630817413,2.502851724624634
305,2,10000,0.08930361270904541,2.558242082595825
306,2,10000,0.0904957726597786,2.5516722202301025
307,2,10000,0.08711831271648407,2.4445648193359375
308,2,10000,0.09064147621393204,2.5651638507843018
309,2,10000,0.0849788635969162,2.4310898780822754
310,2,10000,0.06300191581249237,2.7819180488586426
311,2,10000,0.08489828556776047,2.538860559463501
312,2,10000,0.08769460767507553,2.6236934661865234
313,2,10000,0.07456066459417343,2.7535345554351807
314,2,10000,0.09345985949039459,2.3845088481903076
315,2,10000,0.06772366911172867,2.9112393856048584
316,2,10000,0.07058672606945038,2.731440544128418
317,2,10000,0.09230034798383713,2.5580224990844727
318,2,10000,0.09205332398414612,2.4593820571899414
319,2,10000,0.06184268370270729,2.6663918495178223
320,2,10000,0.07325652986764908,2.745621919631958
321,2,10000,0.09018769860267639,2.583876848220825
322,2,10000,0.05396893620491028,2.794466972351074
323,2,10000,0.08067784458398819,2.6576907634735107
324,2,10000,0.09168342500925064,2.480010747909546
325,2,10000,0.06292971968650818,2.7311811447143555
326,2,10000,0.07526896148920059,2.530494451522827
327,2,10000,0.09187866747379303,2.471320152282715
328,2,10000,0.09048383682966232,2.4721779823303223
329,2,10000,0.08712339401245117,2.5438311100006104
330,2,10000,0.07365437597036362,2.8482377529144287
331,2,10000,0.08972793072462082,2.5562989711761475
332,2,10000,0.10789382457733154,2.260380983352661
333,2,10000,0.07986748218536377,2.6127870082855225
334,2,10000,0.05675561726093292,2.9400057792663574
335,2,10000,0.08791662007570267,2.4991657733917236
336,2,10000,0.08701664209365845,2.541200876235962
337,2,10000,0.06653431057929993,2.874614953994751
338,2,10000,0.07246772199869156,2.695394992828369
339,2,10000,0.09253204613924026,2.452805519104004
340,2,10000,0.07937101274728775,2.5705313682556152
341,2,10000,0.08533646166324615,2.5358378887176514
342,2,10000,0.09218418598175049,2.5336005687713623
343,2,10000,0.08538240939378738,2.5659048557281494
344,2,10000,0.05854763835668564,2.7260050773620605
345,2,10000,0.0923512727022171,2.509809732437134
346,2,10000,0.05943170562386513,2.7082042694091797
347,2,10000,0.0891406461596489,2.5239932537078857
348,2,10000,0.09051189571619034,2.440727710723877
349,2,10000,0.08844143897294998,2.5376734733581543
350,2,10000,0.0879649743437767,2.5049569606781006
351,2,10000,0.07035788148641586,2.6627063751220703
352,2,10000,0.06311158835887909,2.7035505771636963
353,2,10000,0.07996253669261932,2.611887216567993
354,2,10000,0.08708205074071884,2.526763677597046
355,2,10000,0.09077120572328568,2.550814390182495
356,2,10000,0.06765296310186386,2.8113815784454346
357,2,10000,0.09924868494272232,2.5274431705474854
358,2,10000,0.10264185070991516,2.643246650695801
359,2,10000,0.08633913844823837,2.551659345626831
360,2,10000,0.0569942481815815,2.7940449714660645
361,2,10000,0.08901514112949371,2.5203282833099365
362,2,10000,0.08979092538356781,2.507188081741333
363,2,10000,0.08394713699817657,2.553474187850952
364,2,10000,0.08946720510721207,2.4802424907684326
365,2,10000,0.06155826896429062,2.7037761211395264
366,2,10000,0.0876636728644371,2.5712695121765137
367,2,10000,0.0857182964682579,2.5296239852905273
368,2,10000,0.08929836750030518,2.4255692958831787
369,2,10000,0.08828604221343994,2.586129665374756
370,2,10000,0.08848932385444641,2.4248132705688477
371,2,10000,0.09400246292352676,2.533356189727783
372,2,10000,0.058740463107824326,2.766292095184326
373,2,10000,0.05378914251923561,2.700455665588379
374,2,10000,0.07735876739025116,2.7592225074768066
375,2,10000,0.06424211710691452,2.6938765048980713
376,2,10000,0.05918724462389946,2.7416727542877197
377,2,10000,0.08551713079214096,2.6339330673217773
378,2,10000,0.057103946805000305,2.7866086959838867
379,2,10000,0.08544187247753143,2.541293144226074
380,2,10000,0.08903857320547104,2.5763490200042725
381,2,10000,0.06938831508159637,2.6461334228515625
382,2,10000,0.06471087783575058,2.8705711364746094
383,2,10000,0.08226131647825241,2.740523338317871
384,2,10000,0.05866483226418495,2.7401506900787354
385,2,10000,0.08938880264759064,2.5144436359405518
386,2,10000,0.08986662328243256,2.483090400695801
387,2,10000,0.09376204013824463,2.5579030513763428
388,2,10000,0.08716774731874466,2.556326389312744
389,2,10000,0.09111136198043823,2.5390563011169434
390,2,10000,0.0895700678229332,2.547954797744751
391,2,10000,0.051555387675762177,2.8716084957122803
392,2,10000,0.08111288398504257,2.6299848556518555
393,2,10000,0.08919341117143631,2.4267284870147705
394,2,10000,0.05956137552857399,2.75069522857666
395,2,10000,0.060130972415208817,2.735778570175171
396,2,10000,0.08920959383249283,2.6792752742767334
397,2,10000,0.05248822644352913,3.0020289421081543
398,2,10000,0.08104497194290161,2.577664375305176
399,2,10000,0.07520069181919098,2.677741050720215
400,2,10000,0.07924704253673553,2.78411602973938
401,2,10000,0.08904167264699936,2.5161588191986084
402,2,10000,0.05396059900522232,2.8895750045776367
403,2,10000,0.09376687556505203,2.3128719329833984
404,2,10000,0.08757129311561584,2.505955696105957
405,2,10000,0.0633496344089508,2.7253096103668213
406,2,10000,0.08798646181821823,2.5016298294067383
407,2,10000,0.08840802311897278,2.4788284301757812
408,2,10000,0.09084721654653549,2.5647597312927246
409,2,10000,0.09579558670520782,2.4330966472625732
410,2,10000,0.09460525959730148,2.568267583847046
411,2,10000,0.08160991221666336,2.6488144397735596
412,2,10000,0.07046721875667572,2.659031629562378
413,2,10000,0.0716797485947609,2.693244218826294
414,2,10000,0.05245274305343628,2.8188529014587402
415,2,10000,0.07587835937738419,2.673495054244995
416,2,10000,0.05455060303211212,2.9143779277801514
417,2,10000,0.0583697184920311,2.8139302730560303
418,2,10000,0.06476079672574997,2.7223219871520996
419,2,10000,0.05952926725149155,2.757934093475342
420,2,10000,0.08996839076280594,2.442471981048584
421,2,10000,0.08603262901306152,2.5275919437408447
422,2,10000,0.08961574733257294,2.6519994735717773
423,2,10000,0.06859678775072098,2.722806215286255
424,2,10000,0.0879926010966301,2.513944149017334
425,2,10000,0.08727586269378662,2.447751998901367
426,2,10000,0.06872471421957016,2.700648069381714
427,2,10000,0.054485395550727844,2.9249749183654785
428,2,10000,0.08852235227823257,2.6333019733428955
429,2,10000,0.08594632893800735,2.5918004512786865
430,2,10000,0.07103049010038376,2.741605758666992
431,2,10000,0.09045983105897903,2.4996261596679688
432,2,10000,0.09254135191440582,2.646538257598877
433,2,10000,0.08969270437955856,2.6132171154022217
434,2,10000,0.07712450623512268,2.6364734172821045
435,2,10000,0.054658934473991394,2.821232557296753
436,2,10000,0.09219750016927719,2.5489072799682617
437,2,10000,0.06346423178911209,2.7637360095977783
438,2,10000,0.07169204950332642,2.5712687969207764
439,2,10000,0.061665330082178116,2.7139980792999268
440,2,10000,0.05841880291700363,2.783344268798828
441,2,10000,0.08034574240446091,2.591254234313965
442,2,10000,0.07843895256519318,2.5609078407287598
443,2,10000,0.07217855006456375,2.7021706104278564
444,2,10000,0.07506652176380157,2.7283546924591064
445,2,10000,0.06955143064260483,2.6664302349090576
446,2,10000,0.08529617637395859,2.5386509895324707
447,2,10000,0.08997024595737457,2.5384349822998047
448,2,10000,0.05064599961042404,2.959880828857422
449,2,10000,0.08645984530448914,2.5239181518554688
450,2,10000,0.06615519523620605,2.83042311668396
451,2,10000,0.08859644085168839,2.48126220703125
452,2,10000,0.06914602220058441,2.6377832889556885
453,2,10000,0.0629994198679924,2.7010765075683594
454,2,10000,0.05272404104471207,2.835334539413452
455,2,10000,0.05424925684928894,2.830085277557373
456,2,10000,0.0811152532696724,2.4870970249176025
457,2,10000,0.08911488205194473,2.5114808082580566
458,2,10000,0.04991002380847931,2.90708589553833
459,2,10000,0.08551359921693802,2.5725955963134766
460,2,10000,0.08293284475803375,2.5401437282562256
461,2,10000,0.09004468470811844,2.532561779022217
462,2,10000,0.05342172831296921,2.7348928451538086
463,2,10000,0.07077433913946152,2.706794023513794
464,2,10000,0.04927394539117813,2.9978649616241455
465,2,10000,0.0588291697204113,2.7554516792297363
466,2,10000,0.07513248175382614,2.619110107421875
467,2,10000,0.0788208544254303,2.611954927444458
468,2,10000,0.0789005383849144,2.5350430011749268
469,2,10000,0.07067792862653732,2.731719493865967
470,2,10000,0.09462723881006241,2.5057458877563477
471,2,10000,0.05401630699634552,2.810197353363037
472,2,10000,0.089819997549057,2.6289844512939453
473,2,10000,0.08809789270162582,2.5430748462677
474,2,10000,0.08313333988189697,2.728205919265747
475,2,10000,0.09225471317768097,2.546584129333496
476,2,10000,0.051418155431747437,2.816277503967285
477,2,10000,0.05664747208356857,2.670813798904419
478,2,10000,0.06431203335523605,2.7213146686553955
479,2,10000,0.07318157702684402,2.7991981506347656
480,2,10000,0.05429773032665253,2.8360097408294678
481,2,10000,0.09227915853261948,2.5066494941711426
482,2,10000,0.08364517986774445,2.6114718914031982
483,2,10000,0.06540621817111969,2.6959385871887207
484,2,10000,0.08595877140760422,2.5072617530822754
485,2,10000,0.06822628527879715,2.7344298362731934
486,2,10000,0.05615713447332382,2.911991596221924
487,2,10000,0.054278261959552765,3.0332581996917725
488,2,10000,0.09194362908601761,2.6643402576446533
489,2,10000,0.08481759577989578,2.37876296043396
490,2,10000,0.06644998490810394,2.6956987380981445
491,2,10000,0.05714976042509079,2.7059884071350098
492,2,10000,0.0694928839802742,2.6981775760650635
493,2,10000,0.08410049974918365,2.5063178539276123
494,2,10000,0.07084069401025772,2.6869306564331055
495,2,10000,0.06022382527589798,2.761599063873291
496,2,10000,0.0556349903345108,2.8206307888031006
497,2,10000,0.0630413293838501,2.7329108715057373
498,2,10000,0.06907756626605988,2.880042791366577
499,2,10000,0.05749012529850006,2.755988121032715
500,2,10000,0.06985311210155487,2.7659242153167725
501,2,10000,0.055399809032678604,2.8903355598449707
502,2,10000,0.06319268047809601,2.7316670417785645
503,2,10000,0.08506863564252853,2.591036081314087
504,2,10000,0.074539914727211,2.6633615493774414
505,2,10000,0.07902725785970688,2.666679620742798
506,2,10000,0.0556572861969471,2.830411911010742
507,2,10000,0.06766453385353088,2.6621334552764893
508,2,10000,0.07378651946783066,2.6196482181549072
509,2,10000,0.06092509999871254,2.9213109016418457
510,2,10000,0.08709723502397537,2.3939273357391357
511,2,10000,0.08219820261001587,2.6468076705932617
512,2,10000,0.08690404891967773,2.5116991996765137
513,2,10000,0.055228497833013535,2.837268590927124
514,2,10000,0.0637853741645813,2.6821305751800537
515,2,10000,0.08628078550100327,2.5339841842651367
516,2,10000,0.09273165464401245,2.4708406925201416
517,2,10000,0.07240304350852966,2.6975479125976562
518,2,10000,0.09178167581558228,2.509413719177246
519,2,10000,0.04854873940348625,2.882920503616333
520,2,10000,0.09594950079917908,2.4603028297424316
521,2,10000,0.061921730637550354,2.736420154571533
522,2,10000,0.06598595529794693,2.865225076675415
523,2,10000,0.09489422291517258,2.6215262413024902
524,2,10000,0.08860073238611221,2.5404393672943115
525,2,10000,0.05960725247859955,2.7693183422088623
526,2,10000,0.06265872716903687,2.7323954105377197
527,2,10000,0.06417936086654663,2.7910289764404297
528,2,10000,0.053511638194322586,2.858049154281616
529,2,10000,0.07481521368026733,2.635016679763794
530,2,10000,0.07464277744293213,2.587946653366089
531,2,10000,0.08839572221040726,2.487372875213623
532,2,10000,0.05912613496184349,2.805746078491211
533,2,10000,0.05557994171977043,2.746990919113159
534,2,10000,0.0641438439488411,2.5754189491271973
535,2,10000,0.05756494775414467,2.800321578979492
536,2,10000,0.06011366471648216,2.7924697399139404
537,2,10000,0.09542056918144226,2.5331363677978516
538,2,10000,0.07248261570930481,2.651880979537964
539,2,10000,0.07619091123342514,2.6570472717285156
540,2,10000,0.07625094056129456,2.6744585037231445
541,2,10000,0.07056424021720886,2.7684178352355957
542,2,10000,0.07953552156686783,2.5989315509796143
543,2,10000,0.0978483334183693,2.4292986392974854
544,2,10000,0.050641003996133804,2.8474678993225098
545,2,10000,0.07658844441175461,2.7566463947296143
546,2,10000,0.07281196862459183,2.7216453552246094
547,2,10000,0.06502882391214371,2.701467514038086
548,2,10000,0.08829033374786377,2.5615434646606445
549,2,10000,0.06100169196724892,2.845118284225464
550,2,10000,0.05866533890366554,2.7263004779815674
551,2,10000,0.09011751413345337,2.494279146194458
552,2,10000,0.08884842693805695,2.575700521469116
553,2,10000,0.07004816830158234,2.675628900527954
554,2,10000,0.06009693443775177,2.799804210662842
555,2,10000,0.078461654484272,2.729302406311035
556,2,10000,0.053220879286527634,2.7605984210968018
557,2,10000,0.06747362017631531,2.6905531883239746
558,2,10000,0.07558333873748779,2.6603219509124756
559,2,10000,0.05119848623871803,2.897662878036499
560,2,10000,0.07652125507593155,2.614670991897583
561,2,10000,0.05258369445800781,2.9529483318328857
562,2,10000,0.06274069845676422,2.8710689544677734
563,2,10000,0.0804547592997551,2.595949172973633
564,2,10000,0.05832299590110779,2.7349328994750977
565,2,10000,0.06366726756095886,2.8999695777893066
566,2,10000,0.06788157671689987,2.7063512802124023
567,2,10000,0.04819491133093834,2.9255878925323486
568,2,10000,0.06574390828609467,2.6351003646850586
569,2,10000,0.08492816984653473,2.530712842941284
570,2,10000,0.05621221661567688,2.7568140029907227
571,2,10000,0.049475472420454025,2.915388345718384
572,2,10000,0.06363283842802048,2.7979238033294678
573,2,10000,0.10037551820278168,2.5934035778045654
574,2,10000,0.05397710204124451,2.7884769439697266
575,2,10000,0.06497851759195328,2.721874952316284
576,2,10000,0.06945967674255371,2.7352559566497803
577,2,10000,0.050270602107048035,2.920640468597412
578,2,10000,0.0671233981847763,2.73020601272583
579,2,10000,0.06499134004116058,2.738187789916992
580,2,10000,0.05805230140686035,2.746938467025757
581,2,10000,0.07233953475952148,2.636902332305908
582,2,10000,0.06452822685241699,2.631793260574341
583,2,10000,0.06098475307226181,2.778404474258423
584,2,10000,0.050817519426345825,2.9342713356018066
585,2,10000,0.05441370978951454,2.8207807540893555
586,2,10000,0.09147808700799942,2.4495339393615723
587,2,10000,0.06429473310709,2.760814905166626
588,2,10000,0.06073121726512909,2.7807230949401855
589,2,10000,0.06996365636587143,2.718012571334839
590,2,10000,0.05052805319428444,2.9721078872680664
591,2,10000,0.07056961208581924,2.723759889602661
592,2,10000,0.07523509114980698,2.6122918128967285
593,2,10000,0.06064390018582344,2.7151072025299072
594,2,10000,0.08763402700424194,2.5067946910858154
595,2,10000,0.05284503102302551,2.9961447715759277
596,2,10000,0.08031979948282242,2.6732654571533203
597,2,10000,0.09106548875570297,2.4876656532287598
598,2,10000,0.08290804177522659,2.4950191974639893
599,2,10000,0.0570451021194458,2.7968945503234863
600,2,10000,0.048489779233932495,3.0243709087371826
601,2,10000,0.05665045231580734,2.8852267265319824
602,2,10000,0.07185973972082138,2.6720385551452637
603,2,10000,0.05259912088513374,2.8876793384552
604,2,10000,0.06810598075389862,2.7104597091674805
605,2,10000,0.05601941794157028,2.7955379486083984
606,2,10000,0.07004464417695999,2.6335558891296387
607,2,10000,0.06917666643857956,2.8017466068267822
608,2,10000,0.0529056042432785,2.916952133178711
609,2,10000,0.050360847264528275,3.0822458267211914
610,2,10000,0.06143137067556381,2.691697597503662
611,2,10000,0.0536399744451046,3.0183894634246826
612,2,10000,0.05223919451236725,2.883786678314209
613,2,10000,0.06963840872049332,2.6824991703033447
614,2,10000,0.05331164598464966,2.963496446609497
615,2,10000,0.056767068803310394,2.774864912033081
616,2,10000,0.08566346764564514,2.6405394077301025
617,2,10000,0.056713707745075226,2.8294568061828613
618,2,10000,0.06597872078418732,2.7795016765594482
619,2,10000,0.08897130936384201,2.529041051864624
620,2,10000,0.05967359617352486,2.8064591884613037
621,2,10000,0.06061400845646858,2.858093500137329
622,2,10000,0.06347760558128357,2.808609962463379
623,2,10000,0.08005455136299133,2.6639981269836426
624,2,10000,0.06219611316919327,2.738663911819458
625,2,10000,0.059354741126298904,2.909985065460205
626,2,10000,0.08818983286619186,2.513352632522583
627,2,10000,0.058591630309820175,2.7725307941436768
628,2,10000,0.05847553536295891,2.9223251342773438
629,2,10000,0.07818244397640228,2.736427068710327
630,2,10000,0.07656887173652649,2.554311513900757
631,2,10000,0.0867370143532753,2.5410704612731934
632,2,10000,0.05842768773436546,2.846553325653076
633,2,10000,0.07398305833339691,2.6296546459198
634,2,10000,0.05560016259551048,2.900167226791382
635,2,10000,0.052171461284160614,2.982898235321045
636,2,10000,0.07530011981725693,3.0357515811920166
637,2,10000,0.08497713506221771,2.479029417037964
638,2,10000,0.05564918369054794,2.8112926483154297
639,2,10000,0.053513433784246445,2.869290590286255
640,2,10000,0.05605051666498184,2.8269593715667725
641,2,10000,0.052872031927108765,2.843165159225464
642,2,10000,0.08650408685207367,2.4918031692504883
643,2,10000,0.06465782970190048,2.7008211612701416
644,2,10000,0.06966327130794525,2.746091604232788
645,2,10000,0.07485077530145645,2.672258138656616
646,2,10000,0.06591703742742538,2.7507333755493164
647,2,10000,0.05323546752333641,2.7782013416290283
648,2,10000,0.05165496841073036,2.969290256500244
649,2,10000,0.057980649173259735,2.9431300163269043
650,2,10000,0.07353781908750534,2.683440685272217
651,2,10000,0.08327581733465195,2.5898823738098145
652,2,10000,0.0657433569431305,2.753533363342285
653,2,10000,0.058348651975393295,2.921522378921509
654,2,10000,0.07781360298395157,2.703284502029419
655,2,10000,0.05703124403953552,2.9859209060668945
656,2,10000,0.07761076092720032,2.776884078979492
657,2,10000,0.04877239465713501,2.9299862384796143
658,2,10000,0.05263565480709076,2.941265821456909
659,2,10000,0.07711243629455566,2.653864622116089
660,2,10000,0.06987626850605011,2.766765594482422
661,2,10000,0.05774582922458649,2.7881526947021484
662,2,10000,0.05965769663453102,2.729091167449951
663,2,10000,0.06428354233503342,2.664184093475342
664,2,10000,0.056126877665519714,2.8307089805603027
665,2,10000,0.058732204139232635,2.8757855892181396
666,2,10000,0.04862625151872635,2.952890157699585
667,2,10000,0.08595385402441025,2.4844658374786377
668,2,10000,0.07481649518013,2.898245096206665
669,2,10000,0.07720441371202469,2.6160528659820557
670,2,10000,0.059925466775894165,2.722126007080078
671,2,10000,0.04866072162985802,2.906644582748413
672,2,10000,0.07332518696784973,2.7431256771087646
673,2,10000,0.05833323299884796,2.931081533432007
674,2,10000,0.07126343995332718,2.682725429534912
675,2,10000,0.05575032904744148,2.840660333633423
676,2,10000,0.06456159800291061,2.7240829467773438
677,2,10000,0.0713357999920845,2.6818230152130127
678,2,10000,0.06136826425790787,2.7209224700927734
679,2,10000,0.06060902401804924,2.7238376140594482
680,2,10000,0.07624255120754242,2.726867437362671
681,2,10000,0.07109851390123367,2.7389230728149414
682,2,10000,0.09432324022054672,2.4866983890533447
683,2,10000,0.052750978618860245,2.871661424636841
684,2,10000,0.0886036604642868,2.548854351043701
685,2,10000,0.05748596042394638,2.8321709632873535
686,2,10000,0.0582018680870533,2.7997896671295166
687,2,10000,0.06099753454327583,2.7167699337005615
688,2,10000,0.06996145844459534,2.781341791152954
689,2,10000,0.055673081427812576,2.914154291152954
690,2,10000,0.06859432905912399,2.7159318923950195
691,2,10000,0.05208025500178337,2.8739802837371826
692,2,10000,0.06499624252319336,2.711766481399536
693,2,10000,0.08843151479959488,2.408686876296997
694,2,10000,0.059819623827934265,2.8388798236846924
695,2,10000,0.07926545292139053,2.668351650238037
696,2,10000,0.06224788725376129,2.6443402767181396
697,2,10000,0.055924177169799805,2.936741828918457
698,2,10000,0.056596387177705765,2.804543972015381
699,2,10000,0.0610971562564373,2.8579440116882324
700,2,10000,0.06832163780927658,2.6473231315612793
701,2,10000,0.05126744508743286,2.9419848918914795
702,2,10000,0.055132217705249786,2.9304234981536865
703,2,10000,0.05280661582946777,3.0058794021606445
704,2,10000,0.07221192866563797,2.6332743167877197
705,2,10000,0.05065273866057396,3.0885205268859863
706,2,10000,0.1073446273803711,2.6445629596710205
707,2,10000,0.07642111927270889,2.6335439682006836
708,2,10000,0.054649367928504944,2.7883787155151367
709,2,10000,0.051908332854509354,2.92091965675354
710,2,10000,0.057075753808021545,2.7898929119110107
711,2,10000,0.05484260618686676,2.80657958984375
712,2,10000,0.05216279998421669,2.867640256881714
713,2,10000,0.05394335463643074,2.8999509811401367
714,2,10000,0.04888355731964111,2.985656261444092
715,2,10000,0.059261199086904526,2.7795422077178955
716,2,10000,0.04912613332271576,2.940321445465088
717,2,10000,0.07462271302938461,2.891998767852783
718,2,10000,0.06525034457445145,2.8236522674560547
719,2,10000,0.05373293533921242,2.846985340118408
720,2,10000,0.05381258204579353,3.0871739387512207
721,2,10000,0.06761909276247025,2.701345205307007
722,2,10000,0.0553547739982605,2.858592987060547
723,2,10000,0.08535884320735931,2.588524341583252
724,2,10000,0.05996108800172806,2.8942646980285645
725,2,10000,0.061971791088581085,2.778704881668091
726,2,10000,0.06467299908399582,2.680929183959961
727,2,10000,0.08121263980865479,2.6435627937316895
728,2,10000,0.052497029304504395,2.8359100818634033
729,2,10000,0.055559877306222916,2.795274019241333
730,2,10000,0.061405353248119354,2.7419469356536865
731,2,10000,0.061337172985076904,2.7669880390167236
732,2,10000,0.07888823002576828,2.8045129776000977
733,2,10000,0.05600098520517349,2.9215140342712402
734,2,10000,0.05274103581905365,2.9052035808563232
735,2,10000,0.05621664598584175,2.822204113006592
736,2,10000,0.07520196586847305,2.631643295288086
737,2,10000,0.06753276288509369,2.730123519897461
738,2,10000,0.06289167702198029,2.824737548828125
739,2,10000,0.07957220822572708,2.551041603088379
740,2,10000,0.05739523842930794,2.8527536392211914
741,2,10000,0.05469076335430145,2.8914616107940674
742,2,10000,0.0715913251042366,2.81731915473938
743,2,10000,0.051683805882930756,2.8889272212982178
744,2,10000,0.05325298383831978,2.953439950942993
745,2,10000,0.08315728604793549,2.5679666996002197
746,2,10000,0.05268329754471779,3.005937337875366
747,2,10000,0.08291662484407425,2.872499465942383
748,2,10000,0.05159551650285721,2.883686065673828
749,2,10000,0.05919159948825836,2.8094112873077393
750,2,10000,0.05881223827600479,2.7772250175476074
751,2,10000,0.05729848891496658,2.915199041366577
752,2,10000,0.060561422258615494,2.898742198944092
753,2,10000,0.05792127549648285,2.8769376277923584
754,2,10000,0.06332030892372131,2.860994815826416
755,2,10000,0.06677041947841644,2.694631814956665
756,2,10000,0.05218963697552681,2.869324207305908
757,2,10000,0.05932113528251648,2.822140693664551
758,2,10000,0.05336017906665802,2.839106559753418
759,2,10000,0.055300455540418625,2.9140689373016357
760,2,10000,0.07927429676055908,2.7547361850738525
761,2,10000,0.06724333763122559,2.676344394683838
762,2,10000,0.07379283756017685,2.769400119781494
763,2,10000,0.06668900698423386,2.8774666786193848
764,2,10000,0.0892617329955101,2.8564395904541016
765,2,10000,0.07256453484296799,2.8658316135406494
766,2,10000,0.0627078115940094,2.931682586669922
767,2,10000,0.0794643759727478,2.6558175086975098
768,2,10000,0.05308983474969864,2.93668794631958
769,2,10000,0.06426717340946198,2.953561305999756
770,2,10000,0.061048299074172974,2.757448434829712
771,2,10000,0.05743375048041344,2.8434841632843018
772,2,10000,0.06925254315137863,2.6809120178222656
773,2,10000,0.05946395546197891,2.805837392807007
774,2,10000,0.05372678488492966,2.779543161392212
775,2,10000,0.05514289811253548,2.7929675579071045
776,2,10000,0.06184757128357887,2.9205596446990967
777,2,10000,0.055528584867715836,2.9079911708831787
778,2,10000,0.08369854837656021,3.018127202987671
779,2,10000,0.0712084248661995,2.9387946128845215
780,2,10000,0.04965614154934883,2.9751217365264893
781,2,10000,0.05688906088471413,2.926118850708008
782,2,10000,0.06037916615605354,2.786376476287842
783,2,10000,0.06294496357440948,2.7746622562408447
784,2,10000,0.05525493249297142,2.8927180767059326
785,2,10000,0.07102914154529572,2.7745442390441895
786,2,10000,0.051645174622535706,2.861652135848999
787,2,10000,0.0600934773683548,2.829301118850708
788,2,10000,0.05189865082502365,2.8726773262023926
789,2,10000,0.054100681096315384,2.8114984035491943
790,2,10000,0.06113332509994507,2.9809818267822266
791,2,10000,0.05996149033308029,2.777669668197632
792,2,10000,0.0544070228934288,2.9142751693725586
793,2,10000,0.049103204160928726,2.937715530395508
794,2,10000,0.0613316185772419,2.7677409648895264
795,2,10000,0.06963839381933212,2.674861192703247
796,2,10000,0.05372465401887894,2.868446111679077
797,2,10000,0.0658026933670044,2.8163986206054688
798,2,10000,0.055418722331523895,2.9419078826904297
799,2,10000,0.07174980640411377,2.8459081649780273
800,2,10000,0.061077795922756195,2.7755770683288574
801,2,10000,0.05630011856555939,2.9528822898864746
802,2,10000,0.06062842532992363,2.9011356830596924
803,2,10000,0.05246611312031746,2.8952126502990723
804,2,10000,0.0671359971165657,2.8884079456329346
805,2,10000,0.05050428584218025,2.9361212253570557
806,2,10000,0.05548924580216408,2.8337996006011963
807,2,10000,0.08668094873428345,2.4848644733428955
808,2,10000,0.051678191870450974,2.952819585800171
809,2,10000,0.05149141326546669,2.8652350902557373
810,2,10000,0.05985591188073158,3.0083980560302734
811,2,10000,0.05777810513973236,2.794447660446167
812,2,10000,0.061883777379989624,2.9009511470794678
813,2,10000,0.061244938522577286,2.940126419067383
814,2,10000,0.06621532887220383,2.8560242652893066
815,2,10000,0.06098667532205582,2.8554513454437256
816,2,10000,0.05303149297833443,2.9830121994018555
817,2,10000,0.05108470469713211,2.8860089778900146
818,2,10000,0.0586790069937706,2.873875379562378
819,2,10000,0.06259524822235107,2.7693636417388916
820,2,10000,0.05765839293599129,2.890984058380127
821,2,10000,0.050538238137960434,2.8415162563323975
822,2,10000,0.04922966659069061,3.0225632190704346
823,2,10000,0.05233094096183777,2.9477322101593018
824,2,10000,0.0520082488656044,2.933209180831909
825,2,10000,0.06494114547967911,2.9367482662200928
826,2,10000,0.05199679359793663,2.965775728225708
827,2,10000,0.07785066962242126,2.782439708709717
828,2,10000,0.07600528746843338,3.0218029022216797
829,2,10000,0.07738971710205078,2.6798503398895264
830,2,10000,0.05583801120519638,2.9246208667755127
831,2,10000,0.05866255238652229,2.9945764541625977
832,2,10000,0.11815847456455231,3.150616407394409
833,2,10000,0.05215533822774887,2.952131509780884
834,2,10000,0.07015059888362885,2.658583402633667
835,2,10000,0.07052799314260483,2.727897882461548
836,2,10000,0.06292185932397842,2.7408254146575928
837,2,10000,0.0691002756357193,2.683180332183838
838,2,10000,0.053986936807632446,2.9449586868286133
839,2,10000,0.05013403668999672,2.915497064590454
840,2,10000,0.05273327976465225,2.862975597381592
841,2,10000,0.05476989969611168,2.8447771072387695
842,2,10000,0.04979466646909714,2.908498764038086
843,2,10000,0.0556570440530777,2.8620879650115967
844,2,10000,0.06772363185882568,2.690495729446411
845,2,10000,0.05957413092255592,2.8781590461730957
846,2,10000,0.0673125758767128,2.8208823204040527
847,2,10000,0.07549083232879639,2.6721296310424805
848,2,10000,0.06618187576532364,2.942300319671631
849,2,10000,0.059480346739292145,2.765310049057007
850,2,10000,0.06258144974708557,2.813106060028076
851,2,10000,0.056321024894714355,2.8325843811035156
852,2,10000,0.06711015105247498,2.7463595867156982
853,2,10000,0.05249235779047012,2.886920213699341
854,2,10000,0.054195158183574677,2.85168194770813
855,2,10000,0.054350849241018295,2.9728236198425293
856,2,10000,0.05341833457350731,2.9523744583129883
857,2,10000,0.062341317534446716,2.766347646713257
858,2,10000,0.05470476299524307,2.9750783443450928
859,2,10000,0.05844571441411972,2.9054815769195557
860,2,10000,0.08695089817047119,2.6649200916290283
861,2,10000,0.06529296189546585,2.819122314453125
862,2,10000,0.05219794064760208,2.982638359069824
863,2,10000,0.04676143079996109,3.04024600982666
864,2,10000,0.05683978646993637,2.934974193572998
865,2,10000,0.0806010290980339,2.6497440338134766
866,2,10000,0.060172803699970245,2.871213674545288
867,2,10000,0.062173910439014435,2.784878969192505
868,2,10000,0.04958435148000717,2.9321231842041016
869,2,10000,0.0602470301091671,2.773686408996582
870,2,10000,0.07245273888111115,2.866565465927124
871,2,10000,0.06508218497037888,2.875732660293579
872,2,10000,0.052545782178640366,2.7998085021972656
873,2,10000,0.05317796766757965,2.97847056388855
874,2,10000,0.050384219735860825,2.9157607555389404
875,2,10000,0.06246844306588173,2.8199687004089355
876,2,10000,0.06068989261984825,2.769749402999878
877,2,10000,0.052302759140729904,3.023711919784546
878,2,10000,0.05547256022691727,2.773663282394409
879,2,10000,0.060627635568380356,2.8547799587249756
880,2,10000,0.055797770619392395,2.928600788116455
881,2,10000,0.05639740452170372,2.8890793323516846
882,2,10000,0.06028738617897034,2.87935471534729
883,2,10000,0.05315878614783287,2.9569897651672363
884,2,10000,0.06286677718162537,2.8702547550201416
885,2,10000,0.06606782227754593,2.92795991897583
886,2,10000,0.04871315509080887,3.098646402359009
887,2,10000,0.053450074046850204,2.8764560222625732
888,2,10000,0.052656080573797226,2.9658312797546387
889,2,10000,0.0639447271823883,2.8230504989624023
890,2,10000,0.0527409128844738,2.839078664779663
891,2,10000,0.060808416455984116,2.802510976791382
892,2,10000,0.051149334758520126,3.0211281776428223
893,2,10000,0.05135326087474823,2.909050703048706
894,2,10000,0.0728360116481781,2.8285930156707764
895,2,10000,0.14349129796028137,3.016416311264038
896,2,10000,0.05135398730635643,2.903468608856201
897,2,10000,0.060216955840587616,2.8686695098876953
898,2,10000,0.046941328793764114,2.9906816482543945
899,2,10000,0.07044555991888046,2.6468122005462646
900,2,10000,0.09803701937198639,2.811922073364258
901,2,10000,0.05607183650135994,3.023514986038208
902,2,10000,0.06256845593452454,2.7657840251922607
903,2,10000,0.06279751658439636,3.0525412559509277
904,2,10000,0.05739878490567207,2.8018698692321777
905,2,10000,0.056291479617357254,2.9475927352905273
906,2,10000,0.05714743211865425,2.8074522018432617
907,2,10000,0.06015070155262947,2.8722033500671387
908,2,10000,0.05039627104997635,2.8827149868011475
909,2,10000,0.049959395080804825,2.9576125144958496
910,2,10000,0.05795525014400482,2.963594436645508
911,2,10000,0.05119315907359123,2.926048994064331
912,2,10000,0.05373222008347511,2.8826863765716553
913,2,10000,0.05432569608092308,2.9114279747009277
914,2,10000,0.051379114389419556,2.9632153511047363
915,2,10000,0.05771537497639656,2.8772006034851074
916,2,10000,0.054294902831315994,2.858262777328491
917,2,10000,0.05695469304919243,2.844374895095825
918,2,10000,0.049380913376808167,2.9532346725463867
919,2,10000,0.064964659512043,2.989208698272705
920,2,10000,0.0689239576458931,3.1304514408111572
921,2,10000,0.06488543003797531,2.9972574710845947
922,2,10000,0.06658139079809189,2.8768539428710938
923,2,10000,0.07868067920207977,2.723900318145752
924,2,10000,0.05888178572058678,2.8583316802978516
925,2,10000,0.05569569393992424,2.940889596939087
926,2,10000,0.06198135018348694,2.906944751739502
927,2,10000,0.04857266694307327,2.9255025386810303
928,2,10000,0.10600904375314713,2.731340169906616
929,2,10000,0.05954429507255554,3.048370361328125
930,2,10000,0.053813524544239044,3.0253384113311768
931,2,10000,0.050333019345998764,2.9655609130859375
932,2,10000,0.06387607008218765,2.788433790206909
933,2,10000,0.057251445949077606,2.9472813606262207
934,2,10000,0.06719421595335007,2.8769683837890625
935,2,10000,0.05314740166068077,2.858590841293335
936,2,10000,0.061285827308893204,3.0436336994171143
937,2,10000,0.04824751615524292,2.851430892944336
938,2,10000,0.05318250507116318,2.982285737991333
939,2,10000,0.047791481018066406,2.9484784603118896
940,2,10000,0.07228174805641174,2.9943947792053223
941,2,10000,0.0555904321372509,2.9511959552764893
942,2,10000,0.05217945575714111,2.8189311027526855
943,2,10000,0.061612892895936966,2.91306471824646
944,2,10000,0.06462011486291885,2.8999452590942383
945,2,10000,0.0564865805208683,2.834892749786377
946,2,10000,0.09403816610574722,3.157167434692383
947,2,10000,0.05627993121743202,2.8929195404052734
948,2,10000,0.08847035467624664,2.911654472351074
949,2,10000,0.04518686234951019,3.030689001083374
950,2,10000,0.05433100089430809,2.9415431022644043
951,2,10000,0.05108189210295677,2.965878963470459
952,2,10000,0.06365013867616653,2.838508129119873
953,2,10000,0.060029372572898865,2.926696538925171
954,2,10000,0.06515873223543167,2.8434784412384033
955,2,10000,0.060709398239851,2.7818379402160645
956,2,10000,0.06091976538300514,2.8888907432556152
957,2,10000,0.05366584286093712,2.9435667991638184
958,2,10000,0.05239269882440567,3.0194997787475586
959,2,10000,0.06519927084445953,2.9539310932159424
960,2,10000,0.05000884458422661,3.0308306217193604
961,2,10000,0.06834367662668228,2.6998841762542725
962,2,10000,0.04624147340655327,3.0817513465881348
963,2,10000,0.05494748800992966,2.9175755977630615
964,2,10000,0.045177582651376724,2.94944167137146
965,2,10000,0.054422881454229355,2.9379260540008545
966,2,10000,0.04520678520202637,3.002810001373291
967,2,10000,0.05301941931247711,2.917778253555298
968,2,10000,0.07404542714357376,2.732884168624878
969,2,10000,0.06239665672183037,2.790189027786255
970,2,10000,0.05021509528160095,2.9704911708831787
971,2,10000,0.05615716055035591,3.01128888130188
972,2,10000,0.05621720105409622,2.822333574295044
973,2,10000,0.07868552207946777,2.6681904792785645
974,2,10000,0.06319207698106766,2.7475876808166504
975,2,10000,0.06987286359071732,2.9156126976013184
976,2,10000,0.05918005481362343,2.911298990249634
977,2,10000,0.05393848195672035,2.9762628078460693
978,2,10000,0.06476210057735443,2.7528433799743652
979,2,10000,0.052056681364774704,2.9473800659179688
980,2,10000,0.07984602451324463,3.0460572242736816
981,2,10000,0.051323097199201584,2.9006638526916504
982,2,10000,0.05377556011080742,2.8723809719085693
983,2,10000,0.05412466451525688,2.8958497047424316
984,2,10000,0.07310201972723007,2.9180219173431396
985,2,10000,0.06317498534917831,2.788646697998047
986,2,10000,0.06439924985170364,2.7515859603881836
987,2,10000,0.054412975907325745,2.999307632446289
988,2,10000,0.10185778141021729,2.8256311416625977
989,2,10000,0.0507439486682415,2.9793312549591064
990,2,10000,0.0560125857591629,2.906805992126465
991,2,10000,0.05581136420369148,2.874108076095581
992,2,10000,0.050914216786623,2.93510103225708
993,2,10000,0.053938500583171844,2.9685885906219482
994,2,10000,0.051024217158555984,3.016874313354492
995,2,10000,0.06788323074579239,2.813143253326416
996,2,10000,0.05002203583717346,2.993607997894287
997,2,10000,0.06477511674165726,2.832211494445801
998,2,10000,0.05050771310925484,2.9309182167053223
999,2,10000,0.05876101180911064,2.838289499282837
