H,L,T,A[0],A[1]
1,2,10000,3.368673324584961,5.741112232208252
2,2,10000,3.4248058795928955,5.802339553833008
3,2,10000,3.886465549468994,6.217447280883789
4,2,10000,1.9425443410873413,4.096275329589844
5,2,10000,3.321890115737915,5.373968124389648
6,2,10000,2.1266300678253174,4.274553298950195
7,2,10000,1.5662198066711426,3.6176412105560303
8,2,10000,1.363421082496643,3.2495007514953613
9,2,10000,2.3945608139038086,4.7950968742370605
10,2,10000,1.245486855506897,3.1712937355041504
11,2,10000,1.1665410995483398,3.104583263397217
12,2,10000,1.0994857549667358,2.939265489578247
13,2,10000,1.0274763107299805,2.8547372817993164
14,2,10000,1.3110696077346802,3.2357099056243896
15,2,10000,0.9748584628105164,2.738142490386963
16,2,10000,1.0019563436508179,2.785294532775879
17,2,10000,1.0997511148452759,3.0424609184265137
18,2,10000,1.2988731861114502,3.1842875480651855
19,2,10000,1.0215932130813599,2.860419750213623
20,2,10000,0.9185959696769714,2.7483150959014893
21,2,10000,0.9779031276702881,2.724592447280884
22,2,10000,0.8957895040512085,2.752289056777954
23,2,10000,0.9731707572937012,2.760523796081543
24,2,10000,0.9082226157188416,2.78686785697937
25,2,10000,1.0257678031921387,2.8802077770233154
26,2,10000,0.9537208676338196,2.727292060852051
27,2,10000,0.9456586837768555,2.7495152950286865
28,2,10000,0.8392574191093445,2.7467832565307617
29,2,10000,0.8325861692428589,2.7818429470062256
30,2,10000,0.8633819818496704,2.7327470779418945
31,2,10000,0.9777565002441406,2.794163465499878
32,2,10000,0.8629192113876343,2.802452325820923
33,2,10000,0.9491699934005737,2.7584142684936523
34,2,10000,0.826292872428894,2.7854580879211426
35,2,10000,0.6285561919212341,2.627251625061035
36,2,10000,0.9474694728851318,2.729862928390503
37,2,10000,0.9500387907028198,2.7617762088775635
38,2,10000,0.7931696772575378,2.681370496749878
39,2,10000,0.8266526460647583,2.7853291034698486
40,2,10000,0.9647437334060669,2.7612085342407227
41,2,10000,0.8239796161651611,2.7846570014953613
42,2,10000,0.8326608538627625,2.7806825637817383
43,2,10000,0.8286454677581787,2.767652750015259
44,2,10000,0.8230808973312378,2.781937837600708
45,2,10000,0.8256850838661194,2.774596929550171
46,2,10000,0.8252044320106506,2.7778573036193848
47,2,10000,0.8227229714393616,2.763486623764038
48,2,10000,0.47644174098968506,2.609149217605591
49,2,10000,0.8235637545585632,2.7725272178649902
50,2,10000,0.8250502347946167,2.794811725616455
51,2,10000,0.786203920841217,2.8066625595092773
52,2,10000,0.8205338716506958,2.760511875152588
53,2,10000,0.8213975429534912,2.759711503982544
54,2,10000,0.8297224640846252,2.776707410812378
55,2,10000,0.828359842300415,2.7706727981567383
56,2,10000,0.8260518908500671,2.7801883220672607
57,2,10000,0.8246317505836487,2.764580249786377
58,2,10000,0.6576070785522461,2.657038927078247
59,2,10000,0.8220890760421753,2.764435291290283
60,2,10000,0.8234829902648926,2.7794740200042725
61,2,10000,0.8192510604858398,2.7478392124176025
62,2,10000,0.822602391242981,2.772777557373047
63,2,10000,0.8209362030029297,2.759171485900879
64,2,10000,0.8206433057785034,2.754913330078125
65,2,10000,0.8228832483291626,2.7771713733673096
66,2,10000,0.8195545077323914,2.753955841064453
67,2,10000,0.8224439024925232,2.764350652694702
68,2,10000,0.8196142315864563,2.764486312866211
69,2,10000,0.8192508816719055,2.75892972946167
70,2,10000,0.12554363906383514,2.5436112880706787
71,2,10000,0.5450642704963684,2.7078421115875244
72,2,10000,0.5130256414413452,2.5676779747009277
73,2,10000,0.8209552764892578,2.7710251808166504
74,2,10000,0.4706282913684845,2.595611333847046
75,2,10000,0.4399125277996063,2.4665260314941406
76,2,10000,0.22815290093421936,2.530282974243164
77,2,10000,0.8198687434196472,2.7613365650177
78,2,10000,0.4212065637111664,2.37631893157959
79,2,10000,0.8196637630462646,2.7667105197906494
80,2,10000,0.2913580536842346,2.5081422328948975
81,2,10000,0.11644654721021652,2.5824084281921387
82,2,10000,0.33719009160995483,2.536151647567749
83,2,10000,0.8221802115440369,2.7536709308624268
84,2,10000,0.19612792134284973,2.253976583480835
85,2,10000,0.8204373121261597,2.781144380569458
86,2,10000,0.19053295254707336,2.490309000015259
87,2,10000,0.1560247838497162,2.5456395149230957
88,2,10000,0.14023248851299286,2.5094966888427734
89,2,10000,0.8199201822280884,2.746800422668457
90,2,10000,0.14792051911354065,2.5797252655029297
91,2,10000,0.4372967779636383,2.5180909633636475
92,2,10000,0.12851235270500183,2.4156548976898193
93,2,10000,0.14212921261787415,2.5056581497192383
94,2,10000,0.3976890742778778,2.4855597019195557
95,2,10000,0.819364070892334,2.7547736167907715
96,2,10000,0.819767415523529,2.746212959289551
97,2,10000,0.10089190304279327,2.591094970703125
98,2,10000,0.20880554616451263,2.48616623878479
99,2,10000,0.8200417757034302,2.758925437927246
100,2,10000,0.8197017908096313,2.74694561958313
101,2,10000,0.8197444081306458,2.75467586517334
102,2,10000,0.11797872185707092,2.581359386444092
103,2,10000,0.8194764852523804,2.756692409515381
104,2,10000,0.131317138671875,2.387406349182129
105,2,10000,0.8192822933197021,2.770750045776367
106,2,10000,0.23133587837219238,2.334007740020752
107,2,10000,0.8193010091781616,2.755769729614258
108,2,10000,0.09543357789516449,2.555277109146118
109,2,10000,0.20827613770961761,2.400252342224121
110,2,10000,0.2965549826622009,2.5258970260620117
111,2,10000,0.819701075553894,2.765437602996826
112,2,10000,0.8185872435569763,2.7471134662628174
113,2,10000,0.10001816600561142,2.4431188106536865
114,2,10000,0.8201777935028076,2.7447621822357178
115,2,10000,0.8203604817390442,2.7617645263671875
116,2,10000,0.1178995743393898,2.506218910217285
117,2,10000,0.2817131280899048,2.383986234664917
118,2,10000,0.19797396659851074,2.502455949783325
119,2,10000,0.8201019763946533,2.7537217140197754
120,2,10000,0.1649293750524521,2.523869752883911
121,2,10000,0.8205460906028748,2.749128580093384
122,2,10000,0.10429506748914719,2.556203842163086
123,2,10000,0.09460797905921936,2.6229233741760254
124,2,10000,0.11745958775281906,2.5790977478027344
125,2,10000,0.12630806863307953,2.54435658454895
126,2,10000,0.1576135754585266,2.453319549560547
127,2,10000,0.8191660642623901,2.767139196395874
128,2,10000,0.09436143934726715,2.5325276851654053
129,2,10000,0.21857796609401703,2.5032784938812256
130,2,10000,0.09673967957496643,2.622314453125
131,2,10000,0.20151083171367645,2.2270193099975586
132,2,10000,0.8186565041542053,2.744124174118042
133,2,10000,0.8200696110725403,2.7625067234039307
134,2,10000,0.10547028481960297,2.493830919265747
135,2,10000,0.08120173215866089,2.9325666427612305
136,2,10000,0.8196578025817871,2.7475075721740723
137,2,10000,0.8187366724014282,2.7487800121307373
138,2,10000,0.2455562800168991,2.548999309539795
139,2,10000,0.13940729200839996,2.7380621433258057
140,2,10000,0.8198516368865967,2.7562673091888428
141,2,10000,0.09731874614953995,2.534407377243042
142,2,10000,0.06519903987646103,2.696758270263672
143,2,10000,0.09686126559972763,2.535759449005127
144,2,10000,0.10329706221818924,2.573931932449341
145,2,10000,0.09563656896352768,2.432482957839966
146,2,10000,0.1477670967578888,2.507584571838379
147,2,10000,0.8190730810165405,2.7478787899017334
148,2,10000,0.10674692690372467,2.33894681930542
149,2,10000,0.1345887929201126,2.322086811065674
150,2,10000,0.09007442742586136,2.5187060832977295
151,2,10000,0.8185570240020752,2.7493886947631836
152,2,10000,0.8183229565620422,2.7475621700286865
153,2,10000,0.10876725614070892,2.411604404449463
154,2,10000,0.10404272377490997,2.6439664363861084
155,2,10000,0.18889567255973816,2.438291072845459
156,2,10000,0.09892479330301285,2.510004997253418
157,2,10000,0.09870263189077377,2.549834728240967
158,2,10000,0.13067235052585602,2.569880962371826
159,2,10000,0.11661819368600845,2.45623517036438
160,2,10000,0.10669490694999695,2.485393762588501
161,2,10000,0.08822406828403473,2.534318208694458
162,2,10000,0.09587141126394272,2.56392240524292
163,2,10000,0.10116580128669739,2.579399347305298
164,2,10000,0.09149619936943054,2.576648473739624
165,2,10000,0.819362461566925,2.759873151779175
166,2,10000,0.15956462919712067,2.458991765975952
167,2,10000,0.08937279880046844,2.6077070236206055
168,2,10000,0.08973261713981628,2.563725233078003
169,2,10000,0.10276032239198685,2.489072561264038
170,2,10000,0.09296240657567978,2.452254056930542
171,2,10000,0.13669706881046295,2.460926055908203
172,2,10000,0.0930129811167717,2.427290916442871
173,2,10000,0.11094684153795242,2.424445629119873
174,2,10000,0.15139256417751312,2.3884665966033936
175,2,10000,0.09313300251960754,2.528559684753418
176,2,10000,0.0961499959230423,2.469467878341675
177,2,10000,0.20541617274284363,2.380345106124878
178,2,10000,0.8194401264190674,2.7644951343536377
179,2,10000,0.08761616051197052,2.5971896648406982
180,2,10000,0.0948350578546524,2.405186414718628
181,2,10000,0.09472201019525528,2.5166101455688477
182,2,10000,0.09495652467012405,2.5457160472869873
183,2,10000,0.06700906902551651,2.7847533226013184
184,2,10000,0.09490153938531876,2.36183500289917
185,2,10000,0.8193259835243225,2.7423713207244873
186,2,10000,0.09229706972837448,2.5024847984313965
187,2,10000,0.07676435261964798,2.5498788356781006
188,2,10000,0.10058476030826569,2.5313925743103027
189,2,10000,0.0924195945262909,2.5584802627563477
190,2,10000,0.09420675784349442,2.4164910316467285
191,2,10000,0.819333016872406,2.7561357021331787
192,2,10000,0.10173507779836655,2.536395788192749
193,2,10000,0.09448280185461044,2.6019318103790283
194,2,10000,0.09242741018533707,2.4445343017578125
195,2,10000,0.09402898699045181,2.4174129962921143
196,2,10000,0.8193191289901733,2.746126890182495
197,2,10000,0.08760658651590347,2.5242745876312256
198,2,10000,0.09711003303527832,2.4014852046966553
199,2,10000,0.06425002962350845,2.624678611755371
200,2,10000,0.08775483816862106,2.597364664077759
201,2,10000,0.8199109435081482,2.7498812675476074
202,2,10000,0.0987052172422409,2.5754175186157227
203,2,10000,0.09537621587514877,2.4770572185516357
204,2,10000,0.06602030992507935,2.749316692352295
205,2,10000,0.09457718580961227,2.361503839492798
206,2,10000,0.11754263192415237,2.4169750213623047
207,2,10000,0.09325536340475082,2.4454212188720703
208,2,10000,0.14540591835975647,2.5137412548065186
209,2,10000,0.0598725825548172,2.7749407291412354
210,2,10000,0.8190422058105469,2.747164011001587
211,2,10000,0.09469487518072128,2.4604380130767822
212,2,10000,0.09123913943767548,2.5969297885894775
213,2,10000,0.09306295961141586,2.5254929065704346
214,2,10000,0.09140057116746902,2.4901371002197266
215,2,10000,0.8187248706817627,2.7531180381774902
216,2,10000,0.8193899989128113,2.7610297203063965
217,2,10000,0.08281490206718445,2.5564959049224854
218,2,10000,0.09463775157928467,2.567225217819214
219,2,10000,0.09446927160024643,2.4787440299987793
220,2,10000,0.8196232914924622,2.755056619644165
221,2,10000,0.09099703282117844,2.467118740081787
222,2,10000,0.09335273504257202,2.521333932876587
223,2,10000,0.08647526800632477,2.6647231578826904
224,2,10000,0.058433640748262405,2.796142816543579
225,2,10000,0.09136870503425598,2.656618356704712
226,2,10000,0.07112271338701248,2.7024877071380615
227,2,10000,0.06379726529121399,2.647287130355835
228,2,10000,0.09190677106380463,2.476290464401245
229,2,10000,0.06299488991498947,2.71834397315979
230,2,10000,0.13672086596488953,2.5252628326416016
231,2,10000,0.08966685831546783,2.4719126224517822
232,2,10000,0.09046341478824615,2.4019665718078613
233,2,10000,0.09433616697788239,2.322845458984375
234,2,10000,0.0911865383386612,2.510488510131836
235,2,10000,0.09487197548151016,2.49104642868042
236,2,10000,0.09089039266109467,2.5570008754730225
237,2,10000,0.09390488266944885,2.3881328105926514
238,2,10000,0.08581721782684326,2.5106515884399414
239,2,10000,0.0923871174454689,2.3921737670898438
240,2,10000,0.08964824676513672,2.479391574859619
241,2,10000,0.0959164947271347,2.2746810913085938
242,2,10000,0.0791858583688736,2.7004804611206055
243,2,10000,0.09304169565439224,2.5382442474365234
244,2,10000,0.09290928393602371,2.5490643978118896
245,2,10000,0.09089542925357819,2.3856565952301025
246,2,10000,0.09308723360300064,2.598391056060791
247,2,10000,0.09032133966684341,2.587587594985962
248,2,10000,0.09345680475234985,2.459172487258911
249,2,10000,0.09323784708976746,2.5963215827941895
250,2,10000,0.08948488533496857,2.561100721359253
251,2,10000,0.08887362480163574,2.500986337661743
252,2,10000,0.08950294554233551,2.540114641189575
253,2,10000,0.06933914124965668,2.765921115875244
254,2,10000,0.0948890969157219,2.4317734241485596
255,2,10000,0.06638943403959274,2.675645589828491
256,2,10000,0.09482362121343613,2.4476518630981445
257,2,10000,0.07055843621492386,2.82767391204834
258,2,10000,0.0757765844464302,2.7800562381744385
259,2,10000,0.10215437412261963,2.420835256576538
260,2,10000,0.07836370170116425,2.597691059112549
261,2,10000,0.09341363608837128,2.556277275085449
262,2,10000,0.08953893929719925,2.6356639862060547
263,2,10000,0.08163442462682724,2.695244789123535
264,2,10000,0.05610177293419838,2.7229206562042236
265,2,10000,0.09349678456783295,2.5754075050354004
266,2,10000,0.0976136103272438,2.4685134887695312
267,2,10000,0.09030487388372421,2.5165512561798096
268,2,10000,0.09158970415592194,2.462758779525757
269,2,10000,0.09479498118162155,2.4587860107421875
270,2,10000,0.0901855006814003,2.585550546646118
271,2,10000,0.09281893819570541,2.492206335067749
272,2,10000,0.08749154955148697,2.50053334236145
273,2,10000,0.09410741180181503,2.5702993869781494
274,2,10000,0.08328691124916077,2.6176726818084717
275,2,10000,0.09282505512237549,2.4885005950927734
276,2,10000,0.07375221699476242,2.6590821743011475
277,2,10000,0.07046045362949371,2.6546971797943115
278,2,10000,0.07715253531932831,2.5947134494781494
279,2,10000,0.08835902810096741,2.523310899734497
280,2,10000,0.092439204454422,2.401522636413574
281,2,10000,0.08222293108701706,2.637117624282837
282,2,10000,0.09159445762634277,2.4629366397857666
283,2,10000,0.06911338120698929,2.6171059608459473
284,2,10000,0.051365166902542114,2.8801109790802
285,2,10000,0.08727961033582687,2.438681125640869
286,2,10000,0.08984991908073425,2.772496461868286
287,2,10000,0.09280171245336533,2.6128640174865723
288,2,10000,0.0903778001666069,2.490840435028076
289,2,10000,0.0808984562754631,2.6058521270751953
290,2,10000,0.08736839890480042,2.547842025756836
291,2,10000,0.08828888088464737,2.4456379413604736
292,2,10000,0.0712423101067543,2.7919564247131348
293,2,10000,0.093909852206707,2.6044692993164062
294,2,10000,0.09101574867963791,2.5847480297088623
295,2,10000,0.061471741646528244,2.766585350036621
296,2,10000,0.09357955306768417,2.435959815979004
297,2,10000,0.06854601204395294,2.687063694000244
298,2,10000,0.09141050279140472,2.5305774211883545
299,2,10000,0.08863165229558945,2.5964913368225098
300,2,10000,0.07612864673137665,2.598365068435669
301,2,10000,0.08850901573896408,2.4921183586120605
302,2,10000,0.07704642415046692,2.6427531242370605
303,2,10000,0.09325043857097626,2.406472682952881
304,2,10000,0.08951790630817413,2.502851724624634
305,2,10000,0.08930361270904541,2.558242082595825
306,2,10000,0.0904957726597786,2.5516722202301025
307,2,10000,0.08711831271648407,2.4445648193359375
308,2,10000,0.09064147621393204,2.5651638507843018
309,2,10000,0.0849788635969162,2.4310898780822754
310,2,10000,0.06300191581249237,2.7819180488586426
311,2,10000,0.08489828556776047,2.538860559463501
312,2,10000,0.08769460767507553,2.6236934661865234
313,2,10000,0.07456066459417343,2.7535345554351807
314,2,10000,0.09345985949039459,2.3845088481903076
315,2,10000,0.06772366911172867,2.9112393856048584
316,2,10000,0.07058672606945038,2.731440544128418
317,2,10000,0.09230034798383713,2.5580224990844727
318,2,10000,0.09205332398414612,2.4593820571899414
319,2,10000,0.06184268370270729,2.6663918495178223
320,2,10000,0.07325652986764908,2.745621919631958
321,2,10000,0.09018769860267639,2.583876848220825
322,2,10000,0.05396893620491028,2.794466972351074
323,2,10000,0.08067784458398819,2.6576907634735107
324,2,10000,0.09168342500925064,2.480010747909546
325,2,10000,0.06292971968650818,2.7311811447143555
326,2,10000,0.07526896148920059,2.530494451522827
327,2,10000,0.09187866747379303,2.471320152282715
328,2,10000,0.09048383682966232,2.4721779823303223
329,2,10000,0.08712339401245117,2.5438311100006104
330,2,10000,0.07365437597036362,2.8482377529144287
331,2,10000,0.08972793072462082,2.5562989711761475
332,2,10000,0.10789382457733154,2.260380983352661
333,2,10000,0.07986748218536377,2.6127870082855225
334,2,10000,0.05675561726093292,2.9400057792663574
335,2,10000,0.08791662007570267,2.4991657733917236
336,2,10000,0.08701664209365845,2.541200876235962
337,2,10000,0.06653431057929993,2.874614953994751
338,2,10000,0.07246772199869156,2.695394992828369
339,2,10000,0.09253204613924026,2.452805519104004
340,2,10000,0.07937101274728775,2.5705313682556152
341,2,10000,0.08533646166324615,2.5358378887176514
342,2,10000,0.09218418598175049,2.5336005687713623
343,2,10000,0.08538240939378738,2.5659048557281494
344,2,10000,0.05854763835668564,2.7260050773620605
345,2,10000,0.0923512727022171,2.509809732437134
346,2,10000,0.05943170562386513,2.7082042694091797
347,2,10000,0.0891406461596489,2.5239932537078857
348,2,10000,0.09051189571619034,2.440727710723877
349,2,10000,0.08844143897294998,2.5376734733581543
350,2,10000,0.0879649743437767,2.5049569606781006
351,2,10000,0.07035788148641586,2.6627063751220703
352,2,10000,0.06311158835887909,2.7035505771636963
353,2,10000,0.07996253669261932,2.611887216567993
354,2,10000,0.08708205074071884,2.526763677597046
355,2,10000,0.09077120572328568,2.550814390182495
356,2,10000,0.06765296310186386,2.8113815784454346
357,2,10000,0.09924868494272232,2.5274431705474854
358,2,10000,0.10264185070991516,2.643246650695801
359,2,10000,0.08633913844823837,2.551659345626831
360,2,10000,0.0569942481815815,2.7940449714660645
361,2,10000,0.08901514112949371,2.5203282833099365
362,2,10000,0.08979092538356781,2.507188081741333
363,2,10000,0.08394713699817657,2.553474187850952
364,2,10000,0.08946720510721207,2.4802424907684326
365,2,10000,0.06155826896429062,2.7037761211395264
366,2,10000,0.0876636728644371,2.5712695121765137
367,2,10000,0.0857182964682579,2.5296239852905273
368,2,10000,0.08929836750030518,2.4255692958831787
369,2,10000,0.08828604221343994,2.586129665374756
370,2,10000,0.08848932385444641,2.4248132705688477
371,2,10000,0.09400246292352676,2.533356189727783
372,2,10000,0.058740463107824326,2.766292095184326
373,2,10000,0.05378914251923561,2.700455665588379
374,2,10000,0.07735876739025116,2.7592225074768066
375,2,10000,0.06424211710691452,2.6938765048980713
376,2,10000,0.05918724462389946,2.7416727542877197
377,2,10000,0.08551713079214096,2.6339330673217773
378,2,10000,0.057103946805000305,2.7866086959838867
379,2,10000,0.08544187247753143,2.541293144226074
380,2,10000,0.08903857320547104,2.5763490200042725
381,2,10000,0.06938831508159637,2.6461334228515625
382,2,10000,0.06471087783575058,2.8705711364746094
383,2,10000,0.08226131647825241,2.740523338317871
384,2,10000,0.05866483226418495,2.7401506900787354
385,2,10000,0.08938880264759064,2.5144436359405518
386,2,10000,0.08986662328243256,2.483090400695801
387,2,10000,0.09376204013824463,2.5579030513763428
388,2,10000,0.08716774731874466,2.556326389312744
389,2,10000,0.09111136198043823,2.5390563011169434
390,2,10000,0.0895700678229332,2.547954797744751
391,2,10000,0.051555387675762177,2.8716084957122803
392,2,10000,0.08111288398504257,2.6299848556518555
393,2,10000,0.08919341117143631,2.4267284870147705
394,2,10000,0.05956137552857399,2.75069522857666
395,2,10000,0.060130972415208817,2.735778570175171
396,2,10000,0.08920959383249283,2.6792752742767334
397,2,10000,0.05248822644352913,3.0020289421081543
398,2,10000,0.08104497194290161,2.577664375305176
399,2,10000,0.07520069181919098,2.677741050720215
400,2,10000,0.07924704253673553,2.78411602973938
401,2,10000,0.08904167264699936,2.5161588191986084
402,2,10000,0.05396059900522232,2.8895750045776367
403,2,10000,0.09376687556505203,2.3128719329833984
404,2,10000,0.08757129311561584,2.505955696105957
405,2,10000,0.0633496344089508,2.7253096103668213
406,2,10000,0.08798646181821823,2.5016298294067383
407,2,10000,0.08840802311897278,2.4788284301757812
408,2,10000,0.09084721654653549,2.5647597312927246
409,2,10000,0.09579558670520782,2.4330966472625732
410,2,10000,0.09460525959730148,2.568267583847046
411,2,10000,0.08160991221666336,2.6488144397735596
412,2,10000,0.07046721875667572,2.659031629562378
413,2,10000,0.0716797485947609,2.693244218826294
414,2,10000,0.05245274305343628,2.8188529014587402
415,2,10000,0.07587835937738419,2.673495054244995
416,2,10000,0.05455060303211212,2.9143779277801514
417,2,10000,0.0583697184920311,2.8139302730560303
418,2,10000,0.06476079672574997,2.7223219871520996
419,2,10000,0.05952926725149155,2.757934093475342
420,2,10000,0.08996839076280594,2.442471981048584
421,2,10000,0.08603262901306152,2.5275919437408447
422,2,10000,0.08961574733257294,2.6519994735717773
423,2,10000,0.06859678775072098,2.722806215286255
424,2,10000,0.0879926010966301,2.513944149017334
425,2,10000,0.08727586269378662,2.447751998901367
426,2,10000,0.06872471421957016,2.700648069381714
427,2,10000,0.054485395550727844,2.9249749183654785
428,2,10000,0.08852235227823257,2.6333019733428955
429,2,10000,0.08594632893800735,2.5918004512786865
430,2,10000,0.07103049010038376,2.741605758666992
431,2,10000,0.09045983105897903,2.4996261596679688
432,2,10000,0.09254135191440582,2.646538257598877
433,2,10000,0.08969270437955856,2.6132171154022217
434,2,10000,0.07712450623512268,2.6364734172821045
435,2,10000,0.054658934473991394,2.821232557296753
436,2,10000,0.09219750016927719,2.5489072799682617
437,2,10000,0.06346423178911209,2.7637360095977783
438,2,10000,0.07169204950332642,2.5712687969207764
439,2,10000,0.061665330082178116,2.7139980792999268
440,2,10000,0.05841880291700363,2.783344268798828
441,2,10000,0.08034574240446091,2.591254234313965
442,2,10000,0.07843895256519318,2.5609078407287598
443,2,10000,0.07217855006456375,2.7021706104278564
444,2,10000,0.07506652176380157,2.7283546924591064
445,2,10000,0.06955143064260483,2.6664302349090576
446,2,10000,0.08529617637395859,2.5386509895324707
447,2,10000,0.08997024595737457,2.5384349822998047
448,2,10000,0.05064599961042404,2.959880828857422
449,2,10000,0.08645984530448914,2.5239181518554688
450,2,10000,0.06615519523620605,2.83042311668396
451,2,10000,0.08859644085168839,2.48126220703125
452,2,10000,0.06914602220058441,2.6377832889556885
453,2,10000,0.0629994198679924,2.7010765075683594
454,2,10000,0.05272404104471207,2.835334539413452
455,2,10000,0.05424925684928894,2.830085277557373
456,2,10000,0.0811152532696724,2.4870970249176025
457,2,10000,0.08911488205194473,2.5114808082580566
458,2,10000,0.04991002380847931,2.90708589553833
459,2,10000,0.08551359921693802,2.5725955963134766
460,2,10000,0.08293284475803375,2.5401437282562256
461,2,10000,0.09004468470811844,2.532561779022217
462,2,10000,0.05342172831296921,2.7348928451538086
463,2,10000,0.07077433913946152,2.706794023513794
464,2,10000,0.04927394539117813,2.9978649616241455
465,2,10000,0.0588291697204113,2.7554516792297363
466,2,10000,0.07513248175382614,2.619110107421875
467,2,10000,0.0788208544254303,2.611954927444458
468,2,10000,0.0789005383849144,2.5350430011749268
469,2,10000,0.07067792862653732,2.731719493865967
470,2,10000,0.09462723881006241,2.5057458877563477
471,2,10000,0.05401630699634552,2.810197353363037
472,2,10000,0.089819997549057,2.6289844512939453
473,2,10000,0.08809789270162582,2.5430748462677
474,2,10000,0.08313333988189697,2.728205919265747
475,2,10000,0.09225471317768097,2.546584129333496
476,2,10000,0.051418155431747437,2.816277503967285
477,2,10000,0.05664747208356857,2.670813798904419
478,2,10000,0.06431203335523605,2.7213146686553955
479,2,10000,0.07318157702684402,2.7991981506347656
480,2,10000,0.05429773032665253,2.8360097408294678
481,2,10000,0.09227915853261948,2.5066494941711426
482,2,10000,0.08364517986774445,2.6114718914031982
483,2,10000,0.08812437206506729,2.5573770999908447
484,2,10000,0.061579473316669464,2.7389543056488037