H,L,T,A[0],A[1]
1,1,10000,30.930330276489258,37.9944953918457
2,1,10000,3.405059576034546,5.779151439666748
3,1,10000,3.753098726272583,6.6403889656066895
4,1,10000,3.8967320919036865,6.244399070739746
5,1,10000,2.7746071815490723,5.188148498535156
6,1,10000,3.1762850284576416,5.8750996589660645
7,1,10000,2.749462366104126,5.2053937911987305
8,1,10000,3.012225866317749,5.58710241317749
9,1,10000,2.882901430130005,5.4645094871521
10,1,10000,2.6420464515686035,5.030551433563232
11,1,10000,2.7450335025787354,5.210388660430908
12,1,10000,2.3517251014709473,4.683286666870117
13,1,10000,2.042825698852539,4.262073516845703
14,1,10000,2.565542221069336,4.975270748138428
15,1,10000,2.2527072429656982,4.529612064361572
16,1,10000,2.185464382171631,4.412217140197754
17,1,10000,2.5111141204833984,4.858031749725342
18,1,10000,2.057659149169922,4.2477335929870605
19,1,10000,2.3169801235198975,4.579534530639648
20,1,10000,1.9755325317382812,4.152624130249023
21,1,10000,2.2991385459899902,4.676482677459717
22,1,10000,1.953639030456543,4.099228382110596
23,1,10000,2.171638011932373,4.472079277038574
24,1,10000,2.133822441101074,4.391223430633545
25,1,10000,2.141115665435791,4.4004807472229
26,1,10000,2.261711597442627,4.598204612731934
27,1,10000,2.327396869659424,4.654170513153076
28,1,10000,2.9459054470062256,5.565567493438721
29,1,10000,1.52291738986969,3.496387243270874
30,1,10000,1.7607144117355347,3.906729221343994
31,1,10000,1.532831072807312,3.607856035232544
32,1,10000,2.0179507732391357,4.295507431030273
33,1,10000,1.6501789093017578,3.677976369857788
34,1,10000,1.5135565996170044,3.4872376918792725
35,1,10000,2.215520143508911,4.482049465179443
36,1,10000,1.4841605424880981,3.464099168777466
37,1,10000,1.5150901079177856,3.5056490898132324
38,1,10000,2.0509958267211914,4.325795650482178
39,1,10000,1.2880295515060425,3.2321126461029053
40,1,10000,1.46881902217865,3.5524191856384277
41,1,10000,1.4160258769989014,3.458641767501831
42,1,10000,1.8950819969177246,4.118549823760986
43,1,10000,1.5341975688934326,3.5950663089752197
44,1,10000,1.409057378768921,3.3884613513946533
45,1,10000,1.6435182094573975,3.7280051708221436
46,1,10000,1.3402644395828247,3.329545736312866
47,1,10000,1.4570560455322266,3.5038535594940186
48,1,10000,1.5404841899871826,3.6284685134887695
49,1,10000,1.2814726829528809,3.1811439990997314
50,1,10000,1.312369465827942,3.2685256004333496
51,1,10000,1.5389955043792725,3.6010990142822266
52,1,10000,1.5886708498001099,3.65938138961792
53,1,10000,1.3303043842315674,3.3012850284576416
54,1,10000,1.2086036205291748,3.1301865577697754
55,1,10000,1.3210172653198242,3.3289480209350586
56,1,10000,1.2818206548690796,3.2533092498779297
57,1,10000,1.3554298877716064,3.282198667526245
58,1,10000,1.2040818929672241,3.1598334312438965
59,1,10000,1.1955314874649048,3.0653350353240967
60,1,10000,1.1362985372543335,3.0787971019744873
61,1,10000,1.12619149684906,3.077374219894409
62,1,10000,1.186056137084961,3.1364715099334717
63,1,10000,1.2075849771499634,3.161872625350952
64,1,10000,1.249089002609253,3.1738173961639404
65,1,10000,1.1966742277145386,3.0626256465911865
66,1,10000,1.2393070459365845,3.0919699668884277
67,1,10000,1.2083982229232788,3.095085382461548
68,1,10000,1.0257014036178589,2.988316774368286
69,1,10000,1.161631464958191,3.1662023067474365
70,1,10000,1.2130801677703857,3.1352243423461914
71,1,10000,1.246323585510254,3.1959388256073
72,1,10000,1.3882750272750854,3.3664426803588867
73,1,10000,1.2910360097885132,3.2944209575653076
74,1,10000,1.367843747138977,3.328256845474243
75,1,10000,1.2938573360443115,3.260444402694702
76,1,10000,1.0911921262741089,3.02203631401062
77,1,10000,1.199210524559021,3.125566244125366
78,1,10000,1.1463831663131714,3.0890729427337646
79,1,10000,1.1660916805267334,3.1483609676361084
80,1,10000,1.2470283508300781,3.1242470741271973
81,1,10000,1.0307774543762207,2.989445924758911
82,1,10000,1.1014697551727295,3.088209629058838
83,1,10000,1.1059812307357788,3.0173752307891846
84,1,10000,1.2410038709640503,3.0856597423553467
85,1,10000,1.1274423599243164,3.066497802734375
86,1,10000,1.3371174335479736,3.188416004180908
87,1,10000,1.1908208131790161,3.064995527267456
88,1,10000,1.0080316066741943,2.9687561988830566
89,1,10000,1.226333498954773,3.117063045501709
90,1,10000,1.0267201662063599,2.890439748764038
91,1,10000,1.0462367534637451,2.9106688499450684
92,1,10000,0.9730623364448547,2.8696320056915283
93,1,10000,1.0541036128997803,2.879023790359497
94,1,10000,1.1194182634353638,2.987966299057007
95,1,10000,1.0696042776107788,2.9847872257232666
96,1,10000,1.0335185527801514,2.982534646987915
97,1,10000,1.1317627429962158,3.0375077724456787
98,1,10000,1.0529597997665405,2.975212574005127
99,1,10000,1.0304673910140991,2.864255428314209
100,1,10000,0.9093592762947083,2.8343300819396973
101,1,10000,1.0543643236160278,3.0503106117248535
102,1,10000,1.157314658164978,3.038712501525879
103,1,10000,1.0222522020339966,2.877706289291382
104,1,10000,0.9871364831924438,2.967275857925415
105,1,10000,1.0363188982009888,2.9461731910705566
106,1,10000,1.0992966890335083,3.01029372215271
107,1,10000,1.007736325263977,2.8316798210144043
108,1,10000,1.0335547924041748,2.945605516433716
109,1,10000,1.0356370210647583,2.9839212894439697
110,1,10000,1.0109622478485107,2.8533718585968018
111,1,10000,0.9769315123558044,2.86627459526062
112,1,10000,1.0207488536834717,2.8860385417938232
113,1,10000,1.0783132314682007,2.9243531227111816
114,1,10000,1.0155431032180786,2.8723719120025635
115,1,10000,1.0436270236968994,2.8928980827331543
116,1,10000,0.9210329651832581,2.8316092491149902
117,1,10000,1.148256540298462,3.0048723220825195
118,1,10000,0.9520280957221985,2.825629472732544
119,1,10000,1.0588109493255615,2.911581039428711
120,1,10000,0.9886247515678406,2.8875491619110107
121,1,10000,0.9977446794509888,2.8590121269226074
122,1,10000,1.0570850372314453,2.973262071609497
123,1,10000,0.9827153086662292,2.861804246902466
124,1,10000,0.9918044209480286,2.910122871398926
125,1,10000,1.005873441696167,2.8672444820404053
126,1,10000,0.919224202632904,2.8345372676849365
127,1,10000,0.9563471674919128,2.862028121948242
128,1,10000,1.0374761819839478,2.8911454677581787
129,1,10000,1.0223382711410522,2.9085676670074463
130,1,10000,0.9908941984176636,2.842838764190674
131,1,10000,1.0819966793060303,2.9141082763671875
132,1,10000,0.9434139132499695,2.8463661670684814
133,1,10000,0.9299728274345398,2.8437130451202393
134,1,10000,0.9109050631523132,2.8100976943969727
135,1,10000,0.9767976999282837,2.859596014022827
136,1,10000,0.9713274836540222,2.9409492015838623
137,1,10000,0.9436360597610474,2.830054759979248
138,1,10000,1.0432679653167725,2.9014105796813965
139,1,10000,0.9952687621116638,2.8659586906433105
140,1,10000,0.945739209651947,2.862416982650757
141,1,10000,0.989119827747345,2.8706226348876953
142,1,10000,0.9950346946716309,2.8581619262695312
143,1,10000,0.9664324522018433,2.8468141555786133
144,1,10000,0.9775559306144714,2.854248046875
145,1,10000,1.0618425607681274,2.908599615097046
146,1,10000,0.9460954666137695,2.8476717472076416
147,1,10000,0.9955074191093445,2.859113931655884
148,1,10000,0.9494375586509705,2.815735340118408
149,1,10000,0.9171839952468872,2.81886887550354
150,1,10000,0.8995479345321655,2.819749116897583
151,1,10000,0.9236437678337097,2.8169827461242676
152,1,10000,0.984430193901062,2.8569719791412354
153,1,10000,0.9912225008010864,2.854375123977661
154,1,10000,0.9545484781265259,2.8452835083007812
155,1,10000,0.9665705561637878,2.835433006286621
156,1,10000,1.0855361223220825,2.923074722290039
157,1,10000,0.9443882703781128,2.8368966579437256
158,1,10000,0.9314538240432739,2.830859661102295
159,1,10000,0.9454748630523682,2.845980167388916
160,1,10000,1.0603934526443481,2.906982421875
161,1,10000,0.9063438177108765,2.8104448318481445
162,1,10000,0.9374310374259949,2.7788000106811523
163,1,10000,1.0004987716674805,2.870535135269165
164,1,10000,1.0045188665390015,2.888197183609009
165,1,10000,0.9088771343231201,2.8515472412109375
166,1,10000,1.0334457159042358,2.890446662902832
167,1,10000,0.9547802805900574,2.842355251312256
168,1,10000,0.9158695340156555,2.818293809890747
169,1,10000,0.9350504875183105,2.828878402709961
170,1,10000,0.920674741268158,2.826768159866333
171,1,10000,0.9682928919792175,2.8382608890533447
172,1,10000,0.9874832630157471,2.844442367553711
173,1,10000,0.9277365207672119,2.810853958129883
174,1,10000,0.9122942686080933,2.8342385292053223
175,1,10000,0.9250094890594482,2.839522361755371
176,1,10000,0.9594897627830505,2.8365325927734375
177,1,10000,0.9437093734741211,2.834628105163574
178,1,10000,0.9450934529304504,2.8545448780059814
179,1,10000,0.9704656004905701,2.820463180541992
180,1,10000,0.9754123091697693,2.8242695331573486
181,1,10000,0.9538226127624512,2.8341288566589355
182,1,10000,0.9913478493690491,2.841028928756714
183,1,10000,0.9666820168495178,2.8310186862945557
184,1,10000,0.9376980066299438,2.818063974380493
185,1,10000,0.929826021194458,2.818419933319092
186,1,10000,0.9110931158065796,2.8487815856933594
187,1,10000,0.9854456782341003,2.839609146118164
188,1,10000,0.9039900898933411,2.7943179607391357
189,1,10000,0.92690110206604,2.7767815589904785
190,1,10000,0.8904224634170532,2.8057987689971924
191,1,10000,0.8876342177391052,2.822117805480957
192,1,10000,0.8988175988197327,2.8252978324890137
193,1,10000,0.992959201335907,2.8319005966186523
194,1,10000,0.9032667279243469,2.839841842651367
195,1,10000,0.9172007441520691,2.8249189853668213
196,1,10000,0.9398529529571533,2.781425952911377
197,1,10000,0.9848312735557556,2.8605475425720215
198,1,10000,0.8917379975318909,2.785973310470581
199,1,10000,0.8975273966789246,2.8068912029266357
200,1,10000,0.9342380166053772,2.825834274291992
201,1,10000,1.009355902671814,2.876553535461426
202,1,10000,0.9713054299354553,2.8571653366088867
203,1,10000,0.8764485716819763,2.8150393962860107
204,1,10000,0.9383097887039185,2.8356552124023438
205,1,10000,0.8968232870101929,2.814340353012085
206,1,10000,0.9039991497993469,2.7919087409973145
207,1,10000,0.9282383322715759,2.801896333694458
208,1,10000,0.8877856135368347,2.810208320617676
209,1,10000,0.8734707832336426,2.8269920349121094
210,1,10000,0.8820974826812744,2.8033759593963623
211,1,10000,0.8887830972671509,2.819506883621216
212,1,10000,0.8887823224067688,2.823700189590454
213,1,10000,0.8831748366355896,2.8198115825653076
214,1,10000,0.9114203453063965,2.808698892593384
215,1,10000,0.9068965315818787,2.800889015197754
216,1,10000,0.8954797983169556,2.8184375762939453
217,1,10000,0.896941602230072,2.8107330799102783
218,1,10000,0.8944025039672852,2.7840657234191895
219,1,10000,0.8679450154304504,2.787818431854248
220,1,10000,0.866796612739563,2.798358917236328
221,1,10000,0.9197310209274292,2.823254346847534
222,1,10000,0.8605392575263977,2.8192405700683594
223,1,10000,0.9409271478652954,2.8334169387817383
224,1,10000,0.8840976357460022,2.8054590225219727
225,1,10000,0.9351309537887573,2.8282885551452637
226,1,10000,0.8662154674530029,2.7950994968414307
227,1,10000,0.8653246164321899,2.8330159187316895
228,1,10000,0.8487850427627563,2.830724000930786
229,1,10000,0.8594101071357727,2.807366132736206
230,1,10000,0.8613184094429016,2.7308599948883057
231,1,10000,0.8668185472488403,2.7992429733276367
232,1,10000,0.8708888292312622,2.796377420425415
233,1,10000,0.8651794791221619,2.798631429672241
234,1,10000,0.8506326079368591,2.7989025115966797
235,1,10000,0.884355366230011,2.8055105209350586
236,1,10000,0.8635478615760803,2.7902824878692627
237,1,10000,0.874163031578064,2.813934564590454
238,1,10000,0.9771774411201477,2.847148895263672
239,1,10000,0.8849213123321533,2.8071939945220947
240,1,10000,0.8726658225059509,2.8011014461517334
241,1,10000,0.9555155038833618,2.7926650047302246
242,1,10000,0.8242757320404053,2.8054444789886475
243,1,10000,0.9047998785972595,2.857426643371582
244,1,10000,0.8851577043533325,2.8051960468292236
245,1,10000,0.9151931405067444,2.7912333011627197
246,1,10000,0.9129136800765991,2.8265044689178467
247,1,10000,0.8943107724189758,2.8309848308563232
248,1,10000,0.8754517436027527,2.7927942276000977
249,1,10000,0.8633337020874023,2.8172130584716797
250,1,10000,0.899174153804779,2.7797048091888428
251,1,10000,0.8369805216789246,2.8177452087402344
252,1,10000,0.903637170791626,2.8159117698669434
253,1,10000,0.8881714940071106,2.780731201171875
254,1,10000,0.8342970013618469,2.7863380908966064
255,1,10000,0.8635922074317932,2.813814401626587
256,1,10000,0.8656056523323059,2.7990951538085938
257,1,10000,0.8780624270439148,2.791594982147217
258,1,10000,0.8703822493553162,2.7822258472442627
259,1,10000,0.8283970952033997,2.8024587631225586
260,1,10000,0.9002473950386047,2.814023017883301
261,1,10000,0.870361864566803,2.8022165298461914
262,1,10000,0.868468701839447,2.8060531616210938
263,1,10000,0.8371819257736206,2.7884302139282227
264,1,10000,0.8464006781578064,2.7886576652526855
265,1,10000,0.8540723323822021,2.8225278854370117
266,1,10000,0.8600649237632751,2.79315447807312
267,1,10000,0.8582451939582825,2.7918920516967773
268,1,10000,0.8631225824356079,2.7883880138397217
269,1,10000,0.877198338508606,2.7822604179382324
270,1,10000,0.8449878692626953,2.820497989654541
271,1,10000,0.8888272643089294,2.8017501831054688
272,1,10000,0.8457161784172058,2.8043529987335205
273,1,10000,0.8800991177558899,2.801082134246826
274,1,10000,0.8604007959365845,2.811544418334961
275,1,10000,0.8728670477867126,2.810114860534668
276,1,10000,0.846000611782074,2.7715303897857666
277,1,10000,0.8469231724739075,2.782318353652954
278,1,10000,0.8950552940368652,2.7818942070007324
279,1,10000,0.855043888092041,2.799896001815796
280,1,10000,0.7868245244026184,2.7206013202667236
281,1,10000,0.8633631467819214,2.7954792976379395
282,1,10000,0.8638916611671448,2.7901229858398438
283,1,10000,0.8481108546257019,2.80554461479187
284,1,10000,0.8915495276451111,2.8022232055664062
285,1,10000,0.8405733704566956,2.774285078048706
286,1,10000,0.8319516181945801,2.7980120182037354
287,1,10000,0.8264201283454895,2.7868151664733887
288,1,10000,0.8577967286109924,2.78717041015625
289,1,10000,0.848338782787323,2.7834904193878174
290,1,10000,0.8357452750205994,2.798753499984741
291,1,10000,0.8244467377662659,2.790043830871582
292,1,10000,0.825670063495636,2.7894980907440186
293,1,10000,0.8278606534004211,2.785154104232788
294,1,10000,0.7245830297470093,2.7354683876037598
295,1,10000,0.8624937534332275,2.784175395965576
296,1,10000,0.8642399907112122,2.794605255126953
297,1,10000,0.8410314917564392,2.787762403488159
298,1,10000,0.8768357038497925,2.7995688915252686
299,1,10000,0.8593321442604065,2.793572187423706
300,1,10000,0.8576959371566772,2.787773370742798
301,1,10000,0.8493668437004089,2.7941040992736816
302,1,10000,0.8396817445755005,2.8079030513763428
303,1,10000,0.8446993231773376,2.787619113922119
304,1,10000,0.839948832988739,2.8254623413085938
305,1,10000,0.8736608624458313,2.7956464290618896
306,1,10000,0.8184911608695984,2.7742128372192383
307,1,10000,0.8650149703025818,2.804196357727051
308,1,10000,0.8350265026092529,2.7798333168029785
309,1,10000,0.7646089196205139,2.770099401473999
310,1,10000,0.8253278732299805,2.772589921951294
311,1,10000,0.8445259928703308,2.7820961475372314
312,1,10000,0.8567456007003784,2.791151762008667
313,1,10000,0.8639956712722778,2.7933313846588135
314,1,10000,0.7657374739646912,2.7827212810516357
315,1,10000,0.8316410183906555,2.79303240776062
316,1,10000,0.824961245059967,2.7582626342773438
317,1,10000,0.8175545334815979,2.7822365760803223
318,1,10000,0.7689467072486877,2.7315332889556885
319,1,10000,0.7375133633613586,2.724881887435913
320,1,10000,0.8568090796470642,2.778332471847534
321,1,10000,0.7877056002616882,2.7754335403442383
322,1,10000,0.8465635180473328,2.8017044067382812
323,1,10000,0.8084772825241089,2.7678232192993164
324,1,10000,0.8167994618415833,2.788050651550293
325,1,10000,0.853248655796051,2.7946391105651855
326,1,10000,0.8427919149398804,2.79624342918396
327,1,10000,0.883318305015564,2.8062233924865723
328,1,10000,0.821740448474884,2.7783563137054443
329,1,10000,0.8466798663139343,2.8055434226989746
330,1,10000,0.8371816873550415,2.775646209716797
331,1,10000,0.8229382038116455,2.786484956741333
332,1,10000,0.7133554220199585,2.7173702716827393
333,1,10000,0.8392707109451294,2.7787182331085205
334,1,10000,0.8253713250160217,2.7793405055999756
335,1,10000,0.841476321220398,2.7857422828674316
336,1,10000,0.786644458770752,2.7647573947906494
337,1,10000,0.8466136455535889,2.784257173538208
338,1,10000,0.8474880456924438,2.801797389984131
339,1,10000,0.7587527632713318,2.752042531967163
340,1,10000,0.7760985493659973,2.779254913330078
341,1,10000,0.858153223991394,2.8085432052612305
342,1,10000,0.7331399321556091,2.752777576446533
343,1,10000,0.8169235587120056,2.776897668838501
344,1,10000,0.8213565945625305,2.776289939880371
345,1,10000,0.8227519989013672,2.7924509048461914
346,1,10000,0.7648352980613708,2.7716057300567627
347,1,10000,0.6201534867286682,2.6092991828918457
348,1,10000,0.8224871754646301,2.785604953765869
349,1,10000,0.7593211531639099,2.7520689964294434
350,1,10000,0.6998392343521118,2.7116012573242188
351,1,10000,0.833191990852356,2.771409511566162
352,1,10000,0.8322049975395203,2.7905869483947754
353,1,10000,0.783484697341919,2.755645990371704
354,1,10000,0.8687720894813538,2.8137450218200684
355,1,10000,0.7520576119422913,2.765439987182617
356,1,10000,0.8109265565872192,2.778930187225342
357,1,10000,0.8433664441108704,2.7835066318511963
358,1,10000,0.8060916066169739,2.7613627910614014
359,1,10000,0.7319130897521973,2.7344019412994385
360,1,10000,0.8207079768180847,2.775949001312256
361,1,10000,0.8159964084625244,2.7713048458099365
362,1,10000,0.8399807810783386,2.7901713848114014
363,1,10000,0.8499826788902283,2.794548273086548
364,1,10000,0.791673481464386,2.768681526184082
365,1,10000,0.8106815814971924,2.77294659614563
366,1,10000,0.7786014080047607,2.7638444900512695
367,1,10000,0.8098722100257874,2.783684253692627
368,1,10000,0.7061412334442139,2.6910018920898438
369,1,10000,0.7226532101631165,2.7351605892181396
370,1,10000,0.8113832473754883,2.763779401779175
371,1,10000,0.759695827960968,2.751389503479004
372,1,10000,0.8098698258399963,2.769904613494873
373,1,10000,0.7794796824455261,2.7610995769500732
374,1,10000,0.7729251384735107,2.755868673324585
375,1,10000,0.8320043087005615,2.7719192504882812
376,1,10000,0.8374679088592529,2.7753522396087646
377,1,10000,0.8459267020225525,2.7919912338256836
378,1,10000,0.8496868014335632,2.7790071964263916
379,1,10000,0.8045411109924316,2.766965866088867
380,1,10000,0.7519329786300659,2.7427544593811035
381,1,10000,0.8106402158737183,2.76751971244812
382,1,10000,0.7975167036056519,2.7660911083221436
383,1,10000,0.7998315691947937,2.7691047191619873
384,1,10000,0.8250648379325867,2.776853084564209
385,1,10000,0.8169154524803162,2.7677390575408936
386,1,10000,0.8048101663589478,2.76847243309021
387,1,10000,0.758384108543396,2.7505292892456055
388,1,10000,0.7887296676635742,2.756685256958008
389,1,10000,0.8164603114128113,2.787104606628418
390,1,10000,0.8005073666572571,2.769120693206787
391,1,10000,0.7811997532844543,2.7467257976531982
392,1,10000,0.7521485090255737,2.747288227081299
393,1,10000,0.7930984497070312,2.7631711959838867
394,1,10000,0.8352712988853455,2.7982468605041504
395,1,10000,0.8160857558250427,2.7699949741363525
396,1,10000,0.7984482049942017,2.768498182296753
397,1,10000,0.7646452784538269,2.7562906742095947
398,1,10000,0.676379919052124,2.6775262355804443
399,1,10000,0.8428161144256592,2.7964088916778564
400,1,10000,0.8187039494514465,2.7750096321105957
401,1,10000,0.812719464302063,2.766948938369751
402,1,10000,0.8281504511833191,2.7822368144989014
403,1,10000,0.8379683494567871,2.7790441513061523
404,1,10000,0.8351920247077942,2.7815511226654053
405,1,10000,0.8020462989807129,2.7646284103393555
406,1,10000,0.7740756869316101,2.754300832748413
407,1,10000,0.7737551927566528,2.758387565612793
408,1,10000,0.7355866432189941,2.754065752029419
409,1,10000,0.725521981716156,2.727099657058716
410,1,10000,0.8212435841560364,2.768402576446533
411,1,10000,0.839305579662323,2.7894978523254395
412,1,10000,0.7849550247192383,2.7719955444335938
413,1,10000,0.7663182616233826,2.763270139694214
414,1,10000,0.7905387282371521,2.7750916481018066
415,1,10000,0.7849493622779846,2.768059730529785
416,1,10000,0.8271893858909607,2.7763633728027344
417,1,10000,0.8168845772743225,2.7763991355895996
418,1,10000,0.7624935507774353,2.7545993328094482
419,1,10000,0.7392808198928833,2.7408266067504883
420,1,10000,0.790071427822113,2.7340989112854004
421,1,10000,0.8294450044631958,2.781371593475342
422,1,10000,0.8164926767349243,2.775806188583374
423,1,10000,0.8048444390296936,2.767716646194458
424,1,10000,0.788959801197052,2.76078462600708
425,1,10000,0.7867078185081482,2.764523506164551
426,1,10000,0.7511041164398193,2.750840902328491
427,1,10000,0.7989768981933594,2.770324945449829
428,1,10000,0.7742231488227844,2.7608182430267334
429,1,10000,0.7204642295837402,2.727060079574585
430,1,10000,0.7061164379119873,2.7120211124420166
431,1,10000,0.8375421762466431,2.7834320068359375
432,1,10000,0.6845850944519043,2.710753917694092
433,1,10000,0.8351593017578125,2.780644655227661
434,1,10000,0.7827038168907166,2.7615389823913574
435,1,10000,0.6128982901573181,2.649653911590576
436,1,10000,0.8500993847846985,2.793215274810791
437,1,10000,0.7967464923858643,2.7653610706329346
438,1,10000,0.8021676540374756,2.778622627258301
439,1,10000,0.7661346197128296,2.7535502910614014
440,1,10000,0.7860862016677856,2.762345552444458
441,1,10000,0.7617160677909851,2.7580318450927734
442,1,10000,0.7888133525848389,2.7658908367156982
443,1,10000,0.7729322910308838,2.750027894973755
444,1,10000,0.7790924310684204,2.755362033843994
445,1,10000,0.7854610681533813,2.756748676300049
446,1,10000,0.6994061470031738,2.6915814876556396
447,1,10000,0.7743441462516785,2.765639305114746
448,1,10000,0.7651386260986328,2.7610692977905273
449,1,10000,0.8128290176391602,2.7876529693603516
450,1,10000,0.8011824488639832,2.761544942855835
451,1,10000,0.8022922873497009,2.7645647525787354
452,1,10000,0.8018211722373962,2.7679378986358643
453,1,10000,0.7745003700256348,2.7551560401916504
454,1,10000,0.7419878840446472,2.7378733158111572
455,1,10000,0.8250105381011963,2.7774758338928223
456,1,10000,0.7605512738227844,2.7559382915496826
457,1,10000,0.8040418028831482,2.7691636085510254
458,1,10000,0.7806779742240906,2.757195234298706
459,1,10000,0.7992421388626099,2.762101411819458
460,1,10000,0.7646664977073669,2.7579638957977295
461,1,10000,0.7813223004341125,2.7575182914733887
462,1,10000,0.8066588640213013,2.771212339401245
463,1,10000,0.7724137306213379,2.740842580795288
464,1,10000,0.8144519329071045,2.7708141803741455
465,1,10000,0.7591667771339417,2.7495641708374023
466,1,10000,0.7462473511695862,2.7414066791534424
467,1,10000,0.7327536344528198,2.730656862258911
468,1,10000,0.7644381523132324,2.7524988651275635
469,1,10000,0.7558795809745789,2.7495715618133545
470,1,10000,0.793242335319519,2.759700059890747
471,1,10000,0.7854825854301453,2.7572031021118164
472,1,10000,0.7997879981994629,2.7645626068115234
473,1,10000,0.792742133140564,2.763676404953003
474,1,10000,0.7766485214233398,2.7541239261627197
475,1,10000,0.8069754242897034,2.773225784301758
476,1,10000,0.8029271364212036,2.7652320861816406
477,1,10000,0.7991379499435425,2.76519513130188
478,1,10000,0.7774829268455505,2.7426578998565674
479,1,10000,0.7605330944061279,2.756481409072876
480,1,10000,0.6629592776298523,2.6807522773742676
481,1,10000,0.7824446558952332,2.7624521255493164
482,1,10000,0.8205272555351257,2.770979404449463
483,1,10000,0.8088414072990417,2.768850564956665
484,1,10000,0.7315207123756409,2.7248761653900146
485,1,10000,0.8199164867401123,2.7678980827331543
486,1,10000,0.7733049988746643,2.752115249633789
487,1,10000,0.7980584502220154,2.7595455646514893
488,1,10000,0.724626898765564,2.737514019012451
489,1,10000,0.8088508248329163,2.76468825340271
490,1,10000,0.7720150947570801,2.7538278102874756
491,1,10000,0.7877936959266663,2.7620999813079834
492,1,10000,0.7519612312316895,2.74690842628479
493,1,10000,0.7178711295127869,2.7172281742095947
494,1,10000,0.7457262277603149,2.7394063472747803
495,1,10000,0.7709668278694153,2.7530529499053955
496,1,10000,0.7211654186248779,2.726099967956543
497,1,10000,0.7116731405258179,2.725846529006958
498,1,10000,0.8161341547966003,2.7685089111328125
499,1,10000,0.671428382396698,2.68399977684021
500,1,10000,0.6528783440589905,2.6684398651123047
501,1,10000,0.7041191458702087,2.699967622756958
502,1,10000,0.7494997978210449,2.7497682571411133
503,1,10000,0.7655061483383179,2.7457375526428223
504,1,10000,0.7707313299179077,2.7721595764160156
505,1,10000,0.8297276496887207,2.774146795272827
506,1,10000,0.7586731910705566,2.750058174133301
507,1,10000,0.7362844944000244,2.7385756969451904
508,1,10000,0.6035563945770264,2.6341512203216553
509,1,10000,0.7494329810142517,2.7482333183288574
510,1,10000,0.6693201065063477,2.6854519844055176
511,1,10000,0.738767147064209,2.729816198348999
512,1,10000,0.7157430648803711,2.722810745239258
513,1,10000,0.7275345921516418,2.745452642440796
514,1,10000,0.7703403830528259,2.756732940673828
515,1,10000,0.5817570090293884,2.6159579753875732
516,1,10000,0.8197560906410217,2.7762551307678223
517,1,10000,0.619493305683136,2.6477980613708496
518,1,10000,0.7476473450660706,2.7420871257781982
519,1,10000,0.613914966583252,2.636176109313965
520,1,10000,0.7248589992523193,2.7298026084899902
521,1,10000,0.7698563933372498,2.7604124546051025
522,1,10000,0.69101482629776,2.706930637359619
523,1,10000,0.6956593990325928,2.714172840118408
524,1,10000,0.7050749659538269,2.724607229232788
525,1,10000,0.5507919788360596,2.5992133617401123
526,1,10000,0.7794777154922485,2.761566162109375
527,1,10000,0.8155098557472229,2.768953323364258
528,1,10000,0.7623934745788574,2.747502326965332
529,1,10000,0.7130393385887146,2.712559223175049
530,1,10000,0.704757034778595,2.714138984680176
531,1,10000,0.7232474088668823,2.730938673019409
532,1,10000,0.7532785534858704,2.7502024173736572
533,1,10000,0.670303463935852,2.6872801780700684
534,1,10000,0.7276878356933594,2.7340495586395264
535,1,10000,0.7359781265258789,2.731881618499756
536,1,10000,0.7169186472892761,2.72847318649292
537,1,10000,0.7969050407409668,2.7644107341766357
538,1,10000,0.7718324065208435,2.7529571056365967
539,1,10000,0.7388899922370911,2.7403616905212402
540,1,10000,0.6934754848480225,2.715071201324463
541,1,10000,0.7251526117324829,2.7321510314941406
542,1,10000,0.7375975251197815,2.738987684249878
543,1,10000,0.7158822417259216,2.7284226417541504
544,1,10000,0.7602931261062622,2.7557451725006104
545,1,10000,0.751908540725708,2.744612455368042
546,1,10000,0.7882994413375854,2.7577648162841797
547,1,10000,0.7621539235115051,2.753856658935547
548,1,10000,0.7239162921905518,2.723024368286133
549,1,10000,0.788178563117981,2.760260820388794
550,1,10000,0.7473788857460022,2.741488456726074
551,1,10000,0.6626205444335938,2.684854745864868
552,1,10000,0.7212545871734619,2.7331886291503906
553,1,10000,0.7066860198974609,2.720856189727783
554,1,10000,0.5782384276390076,2.618337631225586
555,1,10000,0.7733452320098877,2.751336097717285
556,1,10000,0.7262084484100342,2.7247042655944824
557,1,10000,0.7205327153205872,2.7359235286712646
558,1,10000,0.7051683664321899,2.713515281677246
559,1,10000,0.7459222078323364,2.7484447956085205
560,1,10000,0.7300423979759216,2.7347750663757324
561,1,10000,0.7209986448287964,2.7329061031341553
562,1,10000,0.686647891998291,2.6946334838867188
563,1,10000,0.6264445185661316,2.6558399200439453
564,1,10000,0.7008821964263916,2.712944269180298
565,1,10000,0.7042900919914246,2.714672565460205
566,1,10000,0.7162076234817505,2.7296698093414307
567,1,10000,0.6771836280822754,2.6909523010253906
568,1,10000,0.6663968563079834,2.686342477798462
569,1,10000,0.7042900919914246,2.7187092304229736
570,1,10000,0.7087662816047668,2.719482183456421
571,1,10000,0.6947658061981201,2.7074174880981445
572,1,10000,0.5823173522949219,2.6220922470092773
573,1,10000,0.7085971832275391,2.71097993850708
574,1,10000,0.690380334854126,2.709747552871704
575,1,10000,0.6472222805023193,2.6477673053741455
576,1,10000,0.7835864424705505,2.755434036254883
577,1,10000,0.692646324634552,2.7117364406585693
578,1,10000,0.7176010608673096,2.708423614501953
579,1,10000,0.7058826684951782,2.7207231521606445
580,1,10000,0.6466798186302185,2.6698975563049316
581,1,10000,0.7229281067848206,2.732846975326538
582,1,10000,0.6107529401779175,2.6432929039001465
583,1,10000,0.7325085997581482,2.7388412952423096
584,1,10000,0.7695400714874268,2.740394115447998
585,1,10000,0.6222103834152222,2.645020008087158
586,1,10000,0.6752352714538574,2.6964054107666016
587,1,10000,0.7437291741371155,2.741943359375
588,1,10000,0.7196479439735413,2.7119126319885254
589,1,10000,0.6745233535766602,2.6962029933929443
590,1,10000,0.740884006023407,2.7446401119232178
591,1,10000,0.7235325574874878,2.736264228820801
592,1,10000,0.7394537925720215,2.7407679557800293
593,1,10000,0.7500826716423035,2.747802972793579
594,1,10000,0.7366777062416077,2.741342782974243
595,1,10000,0.5424951314926147,2.601736307144165
596,1,10000,0.6218008399009705,2.6541049480438232
597,1,10000,0.6928786039352417,2.714552879333496
598,1,10000,0.7502725720405579,2.7463135719299316
599,1,10000,0.6547183394432068,2.686952590942383
600,1,10000,0.6290488839149475,2.654465436935425
601,1,10000,0.6267200112342834,2.6562182903289795
602,1,10000,0.7782058715820312,2.7536613941192627
603,1,10000,0.7476477026939392,2.7510480880737305
604,1,10000,0.6793811917304993,2.6911303997039795
605,1,10000,0.5817326307296753,2.623622179031372
606,1,10000,0.7513934969902039,2.7437381744384766
607,1,10000,0.7191788554191589,2.7230374813079834
608,1,10000,0.6583693027496338,2.6815176010131836
609,1,10000,0.724702000617981,2.7389650344848633
610,1,10000,0.7135540843009949,2.726126194000244
611,1,10000,0.6587622761726379,2.683950424194336
612,1,10000,0.7313973903656006,2.7306294441223145
613,1,10000,0.7010704278945923,2.7148261070251465
614,1,10000,0.5710417628288269,2.6158108711242676
615,1,10000,0.6843559145927429,2.7183611392974854
616,1,10000,0.7306917905807495,2.7400801181793213
617,1,10000,0.7388010025024414,2.740633487701416
618,1,10000,0.6818493604660034,2.6973090171813965
619,1,10000,0.623508095741272,2.651176929473877
620,1,10000,0.7234804034233093,2.7347116470336914
621,1,10000,0.6545284390449524,2.6769120693206787
622,1,10000,0.6127493381500244,2.643237590789795
623,1,10000,0.7185710668563843,2.732349157333374
624,1,10000,0.634628176689148,2.6690800189971924
625,1,10000,0.6709879636764526,2.697401523590088
626,1,10000,0.7433174252510071,2.743528366088867
627,1,10000,0.783189058303833,2.7556934356689453
628,1,10000,0.611079216003418,2.640314817428589
629,1,10000,0.7037703990936279,2.7189364433288574
630,1,10000,0.7738556265830994,2.752385377883911
631,1,10000,0.7097757458686829,2.7216997146606445
632,1,10000,0.6560530066490173,2.671663284301758
633,1,10000,0.7165669798851013,2.716028928756714
634,1,10000,0.665745735168457,2.6846094131469727
635,1,10000,0.6733566522598267,2.6921730041503906
636,1,10000,0.7127779722213745,2.721351146697998
637,1,10000,0.56017005443573,2.601095676422119
638,1,10000,0.692158579826355,2.7049803733825684
639,1,10000,0.7220289707183838,2.732065200805664
640,1,10000,0.7054352760314941,2.723283290863037
641,1,10000,0.7242113947868347,2.7290854454040527
642,1,10000,0.6055176854133606,2.636035442352295
643,1,10000,0.615084707736969,2.6444251537323
644,1,10000,0.7179521918296814,2.732409954071045
645,1,10000,0.7042109966278076,2.7143876552581787
646,1,10000,0.5669435262680054,2.6175150871276855
647,1,10000,0.6228495240211487,2.646721601486206
648,1,10000,0.6313174366950989,2.6573407649993896
649,1,10000,0.531456708908081,2.602518320083618
650,1,10000,0.6806599497795105,2.7012076377868652
651,1,10000,0.5419982075691223,2.592651844024658
652,1,10000,0.6868785619735718,2.706664562225342
653,1,10000,0.6155157089233398,2.646742582321167
654,1,10000,0.5937577486038208,2.625147819519043
655,1,10000,0.731607973575592,2.739511251449585
656,1,10000,0.7603752613067627,2.75130558013916
657,1,10000,0.6963253021240234,2.705516815185547
658,1,10000,0.6264842748641968,2.656290292739868
659,1,10000,0.6237218976020813,2.644622564315796
660,1,10000,0.6488922834396362,2.665621042251587
661,1,10000,0.7074045538902283,2.718937635421753
662,1,10000,0.6035163998603821,2.643465518951416
663,1,10000,0.6759061813354492,2.6963179111480713
664,1,10000,0.4915521740913391,2.571610927581787
665,1,10000,0.6965135931968689,2.709733247756958
666,1,10000,0.7202107310295105,2.7325048446655273
667,1,10000,0.6737346053123474,2.691787004470825
668,1,10000,0.6838089823722839,2.6985361576080322
669,1,10000,0.5470010042190552,2.5981240272521973
670,1,10000,0.5848627090454102,2.620628833770752
671,1,10000,0.6859819889068604,2.704092502593994
672,1,10000,0.6112229228019714,2.644357681274414
673,1,10000,0.7021807432174683,2.719308376312256
674,1,10000,0.6175639033317566,2.6502041816711426
675,1,10000,0.6781027913093567,2.6875221729278564
676,1,10000,0.6028015613555908,2.6371266841888428
677,1,10000,0.6381931900978088,2.6723709106445312
678,1,10000,0.6823775172233582,2.6945013999938965
679,1,10000,0.7027313709259033,2.7186362743377686
680,1,10000,0.7311913967132568,2.7306485176086426
681,1,10000,0.6019654273986816,2.6357545852661133
682,1,10000,0.7359893918037415,2.7406601905822754
683,1,10000,0.7071629166603088,2.727092742919922
684,1,10000,0.5749500393867493,2.615551710128784
685,1,10000,0.6408028602600098,2.66552996635437
686,1,10000,0.6726616621017456,2.6918909549713135
687,1,10000,0.6589741706848145,2.6834659576416016
688,1,10000,0.5582073926925659,2.604165554046631
689,1,10000,0.7214071154594421,2.725956439971924
690,1,10000,0.730242133140564,2.74605393409729
691,1,10000,0.6257572770118713,2.654608726501465
692,1,10000,0.6777524352073669,2.69817852973938
693,1,10000,0.49006766080856323,2.5679304599761963
694,1,10000,0.5794471502304077,2.6190056800842285
695,1,10000,0.6076061725616455,2.6471261978149414
696,1,10000,0.7432462573051453,2.7417073249816895
697,1,10000,0.6404464244842529,2.6725351810455322
698,1,10000,0.6313417553901672,2.661439895629883
699,1,10000,0.6212924718856812,2.6505191326141357
700,1,10000,0.649239718914032,2.674377918243408
701,1,10000,0.6506511569023132,2.6731033325195312
702,1,10000,0.6771952509880066,2.701193332672119
703,1,10000,0.7908404469490051,2.7581794261932373
704,1,10000,0.5715250372886658,2.624911069869995
705,1,10000,0.6663827896118164,2.6890738010406494
706,1,10000,0.6107960939407349,2.648258924484253
707,1,10000,0.6599106788635254,2.683335781097412
708,1,10000,0.6722506284713745,2.6970412731170654
709,1,10000,0.4802451431751251,2.558806896209717
710,1,10000,0.6677395105361938,2.693415403366089
711,1,10000,0.6379779577255249,2.6626436710357666
712,1,10000,0.6751832962036133,2.7003633975982666
713,1,10000,0.6862277388572693,2.698391914367676
714,1,10000,0.5445393919944763,2.5945041179656982
715,1,10000,0.529162585735321,2.5835413932800293
716,1,10000,0.6301376223564148,2.657921552658081
717,1,10000,0.6674338579177856,2.689417600631714
718,1,10000,0.7848544716835022,2.7557151317596436
719,1,10000,0.6374684572219849,2.658769130706787
720,1,10000,0.6357492208480835,2.6601979732513428
721,1,10000,0.6688908338546753,2.686819314956665
722,1,10000,0.6243677735328674,2.6545963287353516
723,1,10000,0.6576789021492004,2.681584358215332
724,1,10000,0.6958857774734497,2.7083332538604736
725,1,10000,0.7087011337280273,2.723511219024658
726,1,10000,0.7383619546890259,2.7366225719451904
727,1,10000,0.4619056284427643,2.5609915256500244
728,1,10000,0.49616020917892456,2.5620181560516357
729,1,10000,0.6148548722267151,2.651327610015869
730,1,10000,0.5491896271705627,2.595715284347534
731,1,10000,0.7311519384384155,2.7375431060791016
732,1,10000,0.7166675925254822,2.724856376647949
733,1,10000,0.6312671899795532,2.657201051712036
734,1,10000,0.6056162118911743,2.638941526412964
735,1,10000,0.5972718596458435,2.6354355812072754
736,1,10000,0.7175784111022949,2.733927011489868
737,1,10000,0.6581966280937195,2.674513339996338
738,1,10000,0.5289934277534485,2.582465648651123
739,1,10000,0.736743688583374,2.7418277263641357
740,1,10000,0.599094033241272,2.632641553878784
741,1,10000,0.5854007005691528,2.619920253753662
742,1,10000,0.5667967200279236,2.6128017902374268
743,1,10000,0.45280981063842773,2.560286521911621
744,1,10000,0.5613211989402771,2.6133813858032227
745,1,10000,0.622329592704773,2.6527326107025146
746,1,10000,0.6485995650291443,2.677281379699707
747,1,10000,0.6936284303665161,2.7088818550109863
748,1,10000,0.6220259070396423,2.656831979751587
749,1,10000,0.707135796546936,2.718357563018799
750,1,10000,0.6287832856178284,2.6645781993865967
751,1,10000,0.47788169980049133,2.5843236446380615
752,1,10000,0.5159335136413574,2.585608959197998
753,1,10000,0.6287208795547485,2.652392864227295
754,1,10000,0.536034345626831,2.591871500015259
755,1,10000,0.6559446454048157,2.6834776401519775
756,1,10000,0.5749264359474182,2.62363338470459
757,1,10000,0.6792737245559692,2.696457862854004
758,1,10000,0.4473334848880768,2.561636447906494
759,1,10000,0.6780465841293335,2.692471504211426
760,1,10000,0.6064928770065308,2.6428885459899902
761,1,10000,0.6212279200553894,2.6506803035736084
762,1,10000,0.600549578666687,2.638167381286621
763,1,10000,0.6300790309906006,2.6602518558502197
764,1,10000,0.5680428743362427,2.6232457160949707
765,1,10000,0.560485303401947,2.6118485927581787
766,1,10000,0.617547333240509,2.64483642578125
767,1,10000,0.705747663974762,2.720184803009033
768,1,10000,0.602648913860321,2.636200428009033
769,1,10000,0.657509446144104,2.6827008724212646
770,1,10000,0.6612942218780518,2.682131052017212
771,1,10000,0.536453366279602,2.589305877685547
772,1,10000,0.49396175146102905,2.5779669284820557
773,1,10000,0.48317617177963257,2.5555977821350098
774,1,10000,0.6228064894676208,2.6541531085968018
775,1,10000,0.7267675995826721,2.7438411712646484
776,1,10000,0.5983601808547974,2.6316027641296387
777,1,10000,0.6455904245376587,2.664044141769409
778,1,10000,0.5154983997344971,2.5747954845428467
779,1,10000,0.6060495376586914,2.6401278972625732
780,1,10000,0.5695264935493469,2.6129989624023438
781,1,10000,0.6053757071495056,2.6413207054138184
782,1,10000,0.713534951210022,2.7224044799804688
783,1,10000,0.6216123700141907,2.6587557792663574
784,1,10000,0.5672319531440735,2.6100611686706543
785,1,10000,0.7032198309898376,2.7161881923675537
786,1,10000,0.6815109252929688,2.700651168823242
787,1,10000,0.572382926940918,2.620824098587036
788,1,10000,0.5603132247924805,2.613936424255371
789,1,10000,0.40378642082214355,2.5615615844726562
790,1,10000,0.5367605686187744,2.595878839492798
791,1,10000,0.6985746622085571,2.709932327270508
792,1,10000,0.5136248469352722,2.59558367729187
793,1,10000,0.7118609547615051,2.7187812328338623
794,1,10000,0.6199785470962524,2.651146650314331
795,1,10000,0.5326715111732483,2.589205741882324
796,1,10000,0.5478355884552002,2.6101467609405518
797,1,10000,0.6501718163490295,2.6713593006134033
798,1,10000,0.6398131847381592,2.664536952972412
799,1,10000,0.6489381790161133,2.6722586154937744
800,1,10000,0.5593876838684082,2.6064627170562744
801,1,10000,0.6102731823921204,2.6389689445495605
802,1,10000,0.6897181272506714,2.7040252685546875
803,1,10000,0.5758859515190125,2.6173057556152344
804,1,10000,0.6220505237579346,2.6538455486297607
805,1,10000,0.4310700595378876,2.547105550765991
806,1,10000,0.5271964073181152,2.593336820602417
807,1,10000,0.6543047428131104,2.6775319576263428
808,1,10000,0.5364755392074585,2.5926859378814697
809,1,10000,0.6330720782279968,2.661625623703003
810,1,10000,0.5276609063148499,2.5868494510650635
811,1,10000,0.5337185859680176,2.5964558124542236
812,1,10000,0.565138578414917,2.6100826263427734
813,1,10000,0.5306633114814758,2.5843729972839355
814,1,10000,0.5494852662086487,2.595996856689453
815,1,10000,0.6140060424804688,2.647930145263672
816,1,10000,0.661781370639801,2.6773011684417725
817,1,10000,0.6413423418998718,2.6674818992614746
818,1,10000,0.5867280960083008,2.63254714012146
819,1,10000,0.5209997296333313,2.5777571201324463
820,1,10000,0.6183045506477356,2.651958703994751
821,1,10000,0.5821884870529175,2.6217281818389893
822,1,10000,0.4969296455383301,2.582979440689087
823,1,10000,0.34260693192481995,2.5570943355560303
824,1,10000,0.6314430236816406,2.659830331802368
825,1,10000,0.6333897709846497,2.664926767349243
826,1,10000,0.6247646808624268,2.6552767753601074
827,1,10000,0.4667840898036957,2.5613961219787598
828,1,10000,0.35327714681625366,2.5678863525390625
829,1,10000,0.6114917993545532,2.6459155082702637
830,1,10000,0.5897053480148315,2.627995729446411
831,1,10000,0.5808411240577698,2.630239963531494
832,1,10000,0.6150925159454346,2.6522293090820312
833,1,10000,0.6184349060058594,2.6523325443267822
834,1,10000,0.4545972943305969,2.564716339111328
835,1,10000,0.5562298893928528,2.608146905899048
836,1,10000,0.5752394795417786,2.620032787322998
837,1,10000,0.4631575345993042,2.5632553100585938
838,1,10000,0.5920268893241882,2.633707046508789
839,1,10000,0.6057962775230408,2.6385154724121094
840,1,10000,0.6381651759147644,2.6646194458007812
841,1,10000,0.6308115720748901,2.6599905490875244
842,1,10000,0.7191646099090576,2.7315893173217773
843,1,10000,0.5530130863189697,2.6040947437286377
844,1,10000,0.44790202379226685,2.558955669403076
845,1,10000,0.546389102935791,2.5964224338531494
846,1,10000,0.476224809885025,2.5737147331237793
847,1,10000,0.6840670108795166,2.701918363571167
848,1,10000,0.5672334432601929,2.614501476287842
849,1,10000,0.6756260395050049,2.6968438625335693
850,1,10000,0.6453619599342346,2.6740479469299316
851,1,10000,0.6569735407829285,2.677269220352173
852,1,10000,0.5016732811927795,2.5732009410858154
853,1,10000,0.6310562491416931,2.661203622817993
854,1,10000,0.6165688037872314,2.6490743160247803
855,1,10000,0.48115822672843933,2.575366497039795
856,1,10000,0.4975285530090332,2.5710692405700684
857,1,10000,0.4340498149394989,2.5505805015563965
858,1,10000,0.5102888345718384,2.579073667526245
859,1,10000,0.5010154843330383,2.5824925899505615
860,1,10000,0.6073195934295654,2.642752170562744
861,1,10000,0.682537853717804,2.7017085552215576
862,1,10000,0.5943524837493896,2.632129430770874
863,1,10000,0.5118119716644287,2.589491605758667
864,1,10000,0.45928916335105896,2.562469720840454
865,1,10000,0.5775974988937378,2.6194992065429688
866,1,10000,0.6735005378723145,2.694638967514038
867,1,10000,0.515857458114624,2.5857789516448975
868,1,10000,0.6852534413337708,2.706598997116089
869,1,10000,0.6128358840942383,2.6486823558807373
870,1,10000,0.6329328417778015,2.662144184112549
871,1,10000,0.6429331302642822,2.6697773933410645
872,1,10000,0.582191526889801,2.6203536987304688
873,1,10000,0.6084837317466736,2.6436269283294678
874,1,10000,0.6216799020767212,2.6503093242645264
875,1,10000,0.5382174849510193,2.601588487625122
876,1,10000,0.4616340696811676,2.5777413845062256
877,1,10000,0.5396193861961365,2.5955562591552734
878,1,10000,0.5528246760368347,2.6048507690429688
879,1,10000,0.6372370719909668,2.668738603591919
880,1,10000,0.6137734651565552,2.6469383239746094
881,1,10000,0.6149200797080994,2.6479122638702393
882,1,10000,0.5609754920005798,2.6118297576904297
883,1,10000,0.4973872900009155,2.586578607559204
884,1,10000,0.4911881387233734,2.5726025104522705
885,1,10000,0.6301249265670776,2.661412239074707
886,1,10000,0.4663735330104828,2.5570642948150635
887,1,10000,0.6546739339828491,2.6794934272766113
888,1,10000,0.6102951169013977,2.6456210613250732
889,1,10000,0.5325038433074951,2.5836362838745117
890,1,10000,0.6107532978057861,2.6451575756073
891,1,10000,0.4626495838165283,2.5683178901672363
892,1,10000,0.5134755969047546,2.588212251663208
893,1,10000,0.4013986587524414,2.5647284984588623
894,1,10000,0.6534767746925354,2.684900999069214
895,1,10000,0.593357264995575,2.634152889251709
896,1,10000,0.40769240260124207,2.5282368659973145
897,1,10000,0.49897265434265137,2.5767626762390137
898,1,10000,0.6066594123840332,2.6422789096832275
899,1,10000,0.5854767560958862,2.62712025642395
900,1,10000,0.5293722152709961,2.595691442489624
901,1,10000,0.5670700669288635,2.615802049636841
902,1,10000,0.480693519115448,2.5864317417144775
903,1,10000,0.5082119107246399,2.585703134536743
904,1,10000,0.6234844923019409,2.65372371673584
905,1,10000,0.5636506676673889,2.612485885620117
906,1,10000,0.5519446134567261,2.603736162185669
907,1,10000,0.5845991373062134,2.627528667449951
908,1,10000,0.5592772364616394,2.6176533699035645
909,1,10000,0.4293898940086365,2.546252965927124
910,1,10000,0.6186923384666443,2.6508219242095947
911,1,10000,0.46993011236190796,2.5669922828674316
912,1,10000,0.41245850920677185,2.585984230041504
913,1,10000,0.6055142879486084,2.641587495803833
914,1,10000,0.3880762457847595,2.536560297012329
915,1,10000,0.5875791311264038,2.6312010288238525
916,1,10000,0.5545953512191772,2.5993905067443848
917,1,10000,0.5801427364349365,2.623966932296753
918,1,10000,0.5889058709144592,2.62774658203125
919,1,10000,0.4258412718772888,2.5654726028442383
920,1,10000,0.5839359164237976,2.624720335006714
921,1,10000,0.6380941867828369,2.662069082260132
922,1,10000,0.5179430842399597,2.5791492462158203
923,1,10000,0.5195574760437012,2.5855109691619873
924,1,10000,0.4844416081905365,2.5707015991210938
925,1,10000,0.5570200085639954,2.6073336601257324
926,1,10000,0.7226106524467468,2.7356176376342773
927,1,10000,0.5862948298454285,2.6296846866607666
928,1,10000,0.37748223543167114,2.573183059692383
929,1,10000,0.628218948841095,2.6586735248565674
930,1,10000,0.4872411787509918,2.565004825592041
931,1,10000,0.5005093216896057,2.5855443477630615
932,1,10000,0.41723501682281494,2.5686800479888916
933,1,10000,0.542155921459198,2.5969927310943604
934,1,10000,0.5302193760871887,2.592036724090576
935,1,10000,0.5913500785827637,2.6345622539520264
936,1,10000,0.593806803226471,2.641268730163574
937,1,10000,0.5792722105979919,2.6284968852996826
938,1,10000,0.6376671195030212,2.6699414253234863
939,1,10000,0.43650203943252563,2.548973560333252
940,1,10000,0.42884162068367004,2.5616424083709717
941,1,10000,0.5415722727775574,2.5975341796875
942,1,10000,0.5109612941741943,2.577814817428589
943,1,10000,0.5070267915725708,2.5766241550445557
944,1,10000,0.4842138886451721,2.5766549110412598
945,1,10000,0.5401432514190674,2.6025443077087402
946,1,10000,0.5168285965919495,2.594312906265259
947,1,10000,0.4413178563117981,2.5607762336730957
948,1,10000,0.2876141667366028,2.5508809089660645
949,1,10000,0.4430902600288391,2.578509569168091
950,1,10000,0.5378896594047546,2.5962915420532227
951,1,10000,0.4568865895271301,2.5688092708587646
952,1,10000,0.44990289211273193,2.5567030906677246
953,1,10000,0.5264106392860413,2.597623348236084
954,1,10000,0.5046541094779968,2.5832622051239014
955,1,10000,0.4904836118221283,2.58007550239563
956,1,10000,0.5175396800041199,2.584916830062866
957,1,10000,0.5698121786117554,2.6156578063964844
958,1,10000,0.5777464509010315,2.620601177215576
959,1,10000,0.4430261552333832,2.564502000808716
960,1,10000,0.4601258635520935,2.5599162578582764
961,1,10000,0.40049973130226135,2.550698757171631
962,1,10000,0.5140973329544067,2.5897328853607178
963,1,10000,0.44122830033302307,2.5594658851623535
964,1,10000,0.43175119161605835,2.568087577819824
965,1,10000,0.694760799407959,2.7125864028930664
966,1,10000,0.49700814485549927,2.57391095161438
967,1,10000,0.5483182668685913,2.6124107837677
968,1,10000,0.5235158801078796,2.5916242599487305
969,1,10000,0.5951891541481018,2.6401236057281494
970,1,10000,0.5661141872406006,2.6213696002960205
971,1,10000,0.5204548239707947,2.6039559841156006
972,1,10000,0.6051990389823914,2.6430587768554688
973,1,10000,0.46400994062423706,2.568681478500366
974,1,10000,0.4686126112937927,2.5628154277801514
975,1,10000,0.4616689682006836,2.559619426727295
976,1,10000,0.3838830590248108,2.5854074954986572
977,1,10000,0.5200616121292114,2.5814549922943115
978,1,10000,0.5777140259742737,2.625138521194458
979,1,10000,0.583169162273407,2.628573179244995
980,1,10000,0.5468891263008118,2.6061508655548096
981,1,10000,0.4129995107650757,2.5577197074890137
982,1,10000,0.5226366519927979,2.5960183143615723
983,1,10000,0.5013535618782043,2.580883741378784
984,1,10000,0.399702787399292,2.5620620250701904
985,1,10000,0.5563762187957764,2.6075844764709473
986,1,10000,0.5746123790740967,2.6191720962524414
987,1,10000,0.3955899178981781,2.5520381927490234
988,1,10000,0.5875301361083984,2.629110097885132
989,1,10000,0.5172150731086731,2.5837576389312744
990,1,10000,0.6113653779029846,2.6459343433380127
991,1,10000,0.4157014787197113,2.5788536071777344
992,1,10000,0.4408422112464905,2.557687282562256
993,1,10000,0.705155074596405,2.724266290664673
994,1,10000,0.5390785336494446,2.594597816467285
995,1,10000,0.452414870262146,2.592890977859497
996,1,10000,0.47586917877197266,2.579195499420166
997,1,10000,0.6027207970619202,2.637824535369873
998,1,10000,0.5598159432411194,2.613255262374878
999,1,10000,0.48907604813575745,2.587545156478882
1,2,10000,30.915199279785156,37.972442626953125
2,2,10000,30.915197372436523,37.97251892089844
3,2,10000,2.367961883544922,4.56653356552124
4,2,10000,2.382798433303833,4.815751552581787
5,2,10000,1.5475627183914185,3.5422937870025635
6,2,10000,1.9245775938034058,3.8606250286102295
7,2,10000,1.495328664779663,3.516791582107544
8,2,10000,1.4272722005844116,3.5401933193206787
9,2,10000,1.5451955795288086,3.5596835613250732
10,2,10000,1.9096943140029907,3.6996450424194336
11,2,10000,1.0262476205825806,2.8921279907226562
12,2,10000,1.3429694175720215,3.225247621536255
13,2,10000,1.3447048664093018,3.2436466217041016
14,2,10000,1.3389654159545898,3.191389799118042
15,2,10000,0.9738380908966064,2.836427927017212
16,2,10000,0.9870764017105103,2.7817115783691406
17,2,10000,1.350031852722168,3.2373223304748535
18,2,10000,0.9580575227737427,2.732778310775757
19,2,10000,0.9772561192512512,2.7712347507476807
20,2,10000,0.9939413070678711,2.795943021774292
21,2,10000,0.8988145589828491,2.761927843093872
22,2,10000,1.0073548555374146,2.86721134185791
23,2,10000,0.8496670722961426,2.784032106399536
24,2,10000,0.8412613868713379,2.7666702270507812
25,2,10000,0.8342065215110779,2.7820377349853516
26,2,10000,0.8666122555732727,2.8103928565979004
27,2,10000,0.96604323387146,2.7592246532440186
28,2,10000,0.8358368277549744,2.7740612030029297
29,2,10000,0.8301045298576355,2.76796817779541
30,2,10000,0.9156976342201233,2.808910608291626
31,2,10000,0.8275048732757568,2.7792725563049316
32,2,10000,0.9486202597618103,2.738281488418579
33,2,10000,0.8269874453544617,2.769575834274292
34,2,10000,0.8386048674583435,2.7657899856567383
35,2,10000,0.8519585728645325,2.8028438091278076
36,2,10000,0.6914854049682617,2.645596742630005
37,2,10000,0.9429231882095337,2.7415833473205566
38,2,10000,0.8241243362426758,2.757823944091797
39,2,10000,0.759998083114624,2.743199348449707
40,2,10000,0.8208714723587036,2.7608842849731445
41,2,10000,0.7105869650840759,2.6557111740112305
42,2,10000,0.7077158689498901,2.7255232334136963
43,2,10000,0.6963198781013489,2.6348366737365723
44,2,10000,0.8401799201965332,2.7920126914978027
45,2,10000,0.829180896282196,2.777858257293701
46,2,10000,0.8257392048835754,2.779611349105835
47,2,10000,0.5137302875518799,2.552401304244995
48,2,10000,0.8240455389022827,2.7653989791870117
49,2,10000,0.77586430311203,2.6055212020874023
50,2,10000,0.8236052393913269,2.763231039047241
51,2,10000,0.8332961797714233,2.7747483253479004
52,2,10000,0.8226723670959473,2.770348310470581
53,2,10000,0.8224742412567139,2.7954912185668945
54,2,10000,0.8212664723396301,2.770094633102417
55,2,10000,0.8280286192893982,2.773324489593506
56,2,10000,0.7387259602546692,2.60724139213562
57,2,10000,0.5926666855812073,2.7001121044158936
58,2,10000,0.8209887146949768,2.7567474842071533
59,2,10000,0.5694339871406555,2.7228145599365234
60,2,10000,0.35889241099357605,2.6221892833709717
61,2,10000,0.8209346532821655,2.7570481300354004
62,2,10000,0.8200105428695679,2.768369197845459
63,2,10000,0.30118459463119507,2.5550031661987305
64,2,10000,0.8236760497093201,2.770528554916382
65,2,10000,0.8215123414993286,2.7653698921203613
66,2,10000,0.8245294690132141,2.7670021057128906
67,2,10000,0.9413712024688721,2.722848415374756
68,2,10000,0.8215650320053101,2.758979558944702
69,2,10000,0.8196595907211304,2.763864517211914
70,2,10000,0.4016081690788269,2.468215227127075
71,2,10000,0.5029999613761902,2.6600286960601807
72,2,10000,0.4589116871356964,2.476447582244873
73,2,10000,0.43253442645072937,2.434149742126465
74,2,10000,0.37687256932258606,2.503481388092041
75,2,10000,0.8206955790519714,2.7544472217559814
76,2,10000,0.8221319913864136,2.78302001953125
77,2,10000,0.8207447528839111,2.764216899871826
78,2,10000,0.8214699029922485,2.7615745067596436
79,2,10000,0.8213198184967041,2.7742109298706055
80,2,10000,0.3669968247413635,2.3894460201263428
81,2,10000,0.4198457896709442,2.4672224521636963
82,2,10000,0.8208441138267517,2.7553327083587646
83,2,10000,0.36835169792175293,2.36696195602417
84,2,10000,0.819163978099823,2.7675957679748535
85,2,10000,0.8212159872055054,2.7608401775360107
86,2,10000,0.819634199142456,2.7561585903167725
87,2,10000,0.17626255750656128,2.5124547481536865
88,2,10000,0.5865625143051147,2.612283229827881
89,2,10000,0.10369041562080383,2.5662238597869873
90,2,10000,0.8199464082717896,2.7526450157165527
91,2,10000,0.8188121914863586,2.758941650390625
92,2,10000,0.8192351460456848,2.767625570297241
93,2,10000,0.22333784401416779,2.5236411094665527
94,2,10000,0.11211565136909485,2.5038514137268066
95,2,10000,0.16968949139118195,2.4612700939178467
96,2,10000,0.819802463054657,2.7675681114196777
97,2,10000,0.2977939546108246,2.495368003845215
98,2,10000,0.2224559634923935,2.3878464698791504
99,2,10000,0.8198221921920776,2.7610692977905273
100,2,10000,0.4144291579723358,2.4971601963043213
101,2,10000,0.29319021105766296,2.498338460922241
102,2,10000,0.10051102936267853,2.5703694820404053
103,2,10000,0.1447620540857315,2.529395580291748
104,2,10000,0.10663238912820816,2.594709634780884
105,2,10000,0.1505209356546402,2.508833646774292
106,2,10000,0.12213541567325592,2.4450268745422363
107,2,10000,0.3235222399234772,2.545379161834717
108,2,10000,0.25083276629447937,2.39713454246521
109,2,10000,0.8197253942489624,2.7416977882385254
110,2,10000,0.10622672736644745,2.5954434871673584
111,2,10000,0.2303704470396042,2.5208868980407715
112,2,10000,0.09950210899114609,2.5903661251068115
113,2,10000,0.13591162860393524,2.4833295345306396
114,2,10000,0.09706475585699081,2.4309449195861816
115,2,10000,0.8185948133468628,2.780726432800293
116,2,10000,0.3222663104534149,2.4695630073547363
117,2,10000,0.12603476643562317,2.506002902984619
118,2,10000,0.8201109170913696,2.7533884048461914
119,2,10000,0.8202553987503052,2.7533411979675293
120,2,10000,0.8192696571350098,2.7510838508605957
121,2,10000,0.10324203968048096,2.5456736087799072
122,2,10000,0.8192477822303772,2.7688863277435303
123,2,10000,0.14795775711536407,2.483462333679199
124,2,10000,0.8197075128555298,2.763017177581787
125,2,10000,0.17836686968803406,2.377229928970337
126,2,10000,0.09915181994438171,2.382603883743286
127,2,10000,0.8190857172012329,2.7628705501556396
128,2,10000,0.09560741484165192,2.5621907711029053
129,2,10000,0.20628781616687775,2.425769329071045
130,2,10000,0.27318182587623596,2.4310288429260254
131,2,10000,0.8175928592681885,2.7555642127990723
132,2,10000,0.2399005889892578,2.539728879928589
133,2,10000,0.09584996104240417,2.5552382469177246
134,2,10000,0.1285041719675064,2.350156784057617
135,2,10000,0.10534609854221344,2.545302629470825
136,2,10000,0.10063401609659195,2.3801865577697754
137,2,10000,0.8189526796340942,2.7566821575164795
138,2,10000,0.8191382884979248,2.7478177547454834
139,2,10000,0.09772150218486786,2.594933032989502
140,2,10000,0.13825970888137817,2.3947036266326904
141,2,10000,0.09344542026519775,2.549107789993286
142,2,10000,0.1255798190832138,2.5306012630462646
143,2,10000,0.14338336884975433,2.4347479343414307
144,2,10000,0.09268706291913986,2.4872677326202393
145,2,10000,0.09552060812711716,2.5722057819366455
146,2,10000,0.08514829725027084,2.6034257411956787
147,2,10000,0.8188307285308838,2.759166955947876
148,2,10000,0.0766734853386879,2.651867389678955
149,2,10000,0.17619894444942474,2.4123387336730957
150,2,10000,0.8196415901184082,2.7547714710235596
151,2,10000,0.8191678524017334,2.7617785930633545
152,2,10000,0.287876695394516,2.3674581050872803
153,2,10000,0.07173149287700653,2.646509885787964
154,2,10000,0.1971418857574463,2.4332468509674072
155,2,10000,0.8191643357276917,2.754925489425659
156,2,10000,0.11047324538230896,2.513312816619873
157,2,10000,0.8188097476959229,2.7504830360412598
158,2,10000,0.21184882521629333,2.4466567039489746
159,2,10000,0.09092880040407181,2.5112719535827637
160,2,10000,0.09647858887910843,2.5538723468780518
161,2,10000,0.13900040090084076,2.4408531188964844
162,2,10000,0.09370651841163635,2.5257949829101562
163,2,10000,0.819242000579834,2.7614223957061768
164,2,10000,0.8191068172454834,2.753361701965332
165,2,10000,0.09430087357759476,2.4907028675079346
166,2,10000,0.11467359960079193,2.444887638092041
167,2,10000,0.09486208856105804,2.56286883354187
168,2,10000,0.8173931837081909,2.7636077404022217
169,2,10000,0.08963406085968018,2.4843437671661377
170,2,10000,0.11114675551652908,2.424907922744751
171,2,10000,0.1950787454843521,2.3201217651367188
172,2,10000,0.09257509559392929,2.341386318206787
173,2,10000,0.09706015139818192,2.581481695175171
174,2,10000,0.0715518668293953,2.5341851711273193
175,2,10000,0.14536376297473907,2.4234306812286377
176,2,10000,0.09301910549402237,2.5915918350219727
177,2,10000,0.09373680502176285,2.556119918823242
178,2,10000,0.09965939074754715,2.5219011306762695
179,2,10000,0.0978686511516571,2.4852356910705566
180,2,10000,0.091935895383358,2.520284652709961
181,2,10000,0.09612061828374863,2.4575459957122803
182,2,10000,0.8195695877075195,2.747262716293335
183,2,10000,0.0967479720711708,2.460453510284424
184,2,10000,0.0966842845082283,2.5180022716522217
185,2,10000,0.07332198321819305,2.7663755416870117
186,2,10000,0.8185320496559143,2.7485709190368652
187,2,10000,0.819519579410553,2.747432231903076
188,2,10000,0.17749366164207458,2.395425319671631
189,2,10000,0.8190617561340332,2.7727293968200684
190,2,10000,0.09557818621397018,2.5721473693847656
191,2,10000,0.09715280681848526,2.4417290687561035
192,2,10000,0.09477905929088593,2.4838719367980957
193,2,10000,0.09154458343982697,2.5418179035186768
194,2,10000,0.09239711612462997,2.531440496444702
195,2,10000,0.09470012038946152,2.5142288208007812
196,2,10000,0.09532482177019119,2.6326708793640137
197,2,10000,0.8193730711936951,2.7579994201660156
198,2,10000,0.09503402560949326,2.411492347717285
199,2,10000,0.07968126237392426,2.5821518898010254
200,2,10000,0.0949660912156105,2.510690450668335
201,2,10000,0.0932091698050499,2.4415199756622314
202,2,10000,0.09045949578285217,2.584733247756958
203,2,10000,0.08004146814346313,2.5610015392303467
204,2,10000,0.07293405383825302,2.7826077938079834
205,2,10000,0.09576147794723511,2.5040316581726074
206,2,10000,0.0913233682513237,2.364882707595825
207,2,10000,0.09201912581920624,2.4326815605163574
208,2,10000,0.8200825452804565,2.7548794746398926
209,2,10000,0.09358903765678406,2.4569947719573975
210,2,10000,0.09506009519100189,2.3934953212738037
211,2,10000,0.09365160763263702,2.3228347301483154
212,2,10000,0.07168672233819962,2.765699863433838
213,2,10000,0.06185905635356903,2.5556325912475586
214,2,10000,0.8199446797370911,2.739325761795044
215,2,10000,0.09770958870649338,2.458873748779297
216,2,10000,0.09516206383705139,2.5952823162078857
217,2,10000,0.09210745990276337,2.5354747772216797
218,2,10000,0.09022842347621918,2.5151476860046387
219,2,10000,0.07122478634119034,2.5545644760131836
220,2,10000,0.06559035927057266,2.75923228263855
221,2,10000,0.09690359979867935,2.5736703872680664
222,2,10000,0.09464147686958313,2.38443922996521
223,2,10000,0.08566536754369736,2.530883312225342
224,2,10000,0.0929807499051094,2.6083240509033203
225,2,10000,0.11733100563287735,2.3732779026031494
226,2,10000,0.08378720283508301,2.4393389225006104
227,2,10000,0.0913383960723877,2.5247793197631836
228,2,10000,0.07497501373291016,2.650282859802246
229,2,10000,0.08975149691104889,2.5257959365844727
230,2,10000,0.08905348926782608,2.586916923522949
231,2,10000,0.09001500904560089,2.6134371757507324
232,2,10000,0.06606277823448181,2.771555185317993
233,2,10000,0.0895938128232956,2.582041025161743
234,2,10000,0.11177481710910797,2.424194097518921
235,2,10000,0.0870593786239624,2.5801498889923096
236,2,10000,0.08460313081741333,2.6265149116516113
237,2,10000,0.09138650447130203,2.467552661895752
238,2,10000,0.0950029268860817,2.521897315979004
239,2,10000,0.07158757746219635,2.659027338027954
240,2,10000,0.09044764190912247,2.5608835220336914
241,2,10000,0.08643517643213272,2.564631700515747
242,2,10000,0.09394123405218124,2.4922115802764893
243,2,10000,0.09365326911211014,2.4532785415649414
244,2,10000,0.09648055583238602,2.3211307525634766
245,2,10000,0.09065353870391846,2.4247210025787354
246,2,10000,0.051383163779973984,2.8885884284973145
247,2,10000,0.06838046759366989,2.7026078701019287
248,2,10000,0.08327507972717285,2.5476207733154297
249,2,10000,0.07789355516433716,2.705349922180176
250,2,10000,0.08851989358663559,2.4576845169067383
251,2,10000,0.09242802113294601,2.3928885459899902
252,2,10000,0.08075017482042313,2.68540620803833
253,2,10000,0.08351265639066696,2.5737929344177246
254,2,10000,0.09077934920787811,2.537923812866211
255,2,10000,0.09028398990631104,2.425419330596924
256,2,10000,0.09571374952793121,2.3800337314605713
257,2,10000,0.05880235135555267,2.783832311630249
258,2,10000,0.0945345088839531,2.5316810607910156
259,2,10000,0.09074507653713226,2.409411907196045
260,2,10000,0.08162087947130203,2.7203314304351807
261,2,10000,0.0603274442255497,2.693039655685425
262,2,10000,0.06083086133003235,2.7966904640197754
263,2,10000,0.0593477264046669,2.706317186355591
264,2,10000,0.09328397363424301,2.395723342895508
265,2,10000,0.09452033042907715,2.428508758544922
266,2,10000,0.09239256381988525,2.4742074012756348
267,2,10000,0.09104893356561661,2.498541831970215
268,2,10000,0.09015707671642303,2.535844087600708
269,2,10000,0.07574355602264404,2.55488657951355
270,2,10000,0.09245890378952026,2.473262310028076
271,2,10000,0.07582686096429825,2.574491500854492
272,2,10000,0.0883527621626854,2.577873706817627
273,2,10000,0.08179166913032532,2.5207481384277344
274,2,10000,0.09568875283002853,2.556666612625122
275,2,10000,0.0764509066939354,2.697892665863037
276,2,10000,0.06072329357266426,2.8110501766204834
277,2,10000,0.07931983470916748,2.616574287414551
278,2,10000,0.0900094136595726,2.413236379623413
279,2,10000,0.07573575526475906,2.6543023586273193
280,2,10000,0.09089870750904083,2.4924728870391846
281,2,10000,0.0914435014128685,2.436959981918335
282,2,10000,0.07494483143091202,2.562236785888672
283,2,10000,0.08966746926307678,2.47200083732605
284,2,10000,0.8175849318504333,2.7480907440185547
285,2,10000,0.049910932779312134,3.0044491291046143
286,2,10000,0.08792886137962341,2.5525221824645996
287,2,10000,0.08540064841508865,2.4421021938323975
288,2,10000,0.06684831529855728,2.7169101238250732
289,2,10000,0.09220227599143982,2.774585485458374
290,2,10000,0.06514745950698853,2.694211006164551
291,2,10000,0.06257495284080505,2.7105183601379395
292,2,10000,0.06350710988044739,2.8233261108398438
293,2,10000,0.05728210508823395,2.7847352027893066
294,2,10000,0.07956593483686447,2.651703119277954
295,2,10000,0.08498459309339523,2.6029727458953857
296,2,10000,0.07421792298555374,2.6871578693389893
297,2,10000,0.09674875438213348,2.410238027572632
298,2,10000,0.08648993819952011,2.5060312747955322
299,2,10000,0.07797808945178986,2.6408214569091797
300,2,10000,0.09510316699743271,2.527834892272949
301,2,10000,0.09226162731647491,2.449787139892578
302,2,10000,0.09275161474943161,2.6335980892181396
303,2,10000,0.06177282705903053,2.6512949466705322
304,2,10000,0.07016383111476898,2.7403528690338135
305,2,10000,0.09297587722539902,2.583510398864746
306,2,10000,0.09265697002410889,2.644043445587158
307,2,10000,0.08891115337610245,2.635464906692505
308,2,10000,0.0775170624256134,2.5290656089782715
309,2,10000,0.07802144438028336,2.5657968521118164
310,2,10000,0.07721281796693802,2.660388708114624
311,2,10000,0.07743195444345474,2.6710541248321533
312,2,10000,0.052052952349185944,2.7860183715820312
313,2,10000,0.08773056417703629,2.5163440704345703
314,2,10000,0.09159675985574722,2.5553243160247803
315,2,10000,0.09152746945619583,2.497657060623169
316,2,10000,0.07229119539260864,2.836045503616333
317,2,10000,0.0875178724527359,2.571528911590576
318,2,10000,0.09268886595964432,2.546621084213257
319,2,10000,0.08916497230529785,2.496420383453369
320,2,10000,0.07003550231456757,2.648298501968384
321,2,10000,0.094031423330307,2.423281669616699
322,2,10000,0.09085205942392349,2.4068117141723633
323,2,10000,0.09064626693725586,2.543870687484741
324,2,10000,0.0920414999127388,2.534973621368408
325,2,10000,0.05154136195778847,2.9254724979400635
326,2,10000,0.0845080092549324,2.547684669494629
327,2,10000,0.08451870828866959,2.5001044273376465
328,2,10000,0.054246656596660614,2.960653305053711
329,2,10000,0.09129373729228973,2.420466423034668
330,2,10000,0.07725726813077927,2.635580539703369
331,2,10000,0.09007389843463898,2.5884130001068115
332,2,10000,0.0869503766298294,2.5577733516693115
333,2,10000,0.08784125745296478,2.4360408782958984
334,2,10000,0.09448797255754471,2.557420253753662
335,2,10000,0.0945061519742012,2.5486271381378174
336,2,10000,0.09288214147090912,2.4930810928344727
337,2,10000,0.07159753888845444,2.6242058277130127
338,2,10000,0.09211398661136627,2.5505282878875732
339,2,10000,0.07411815226078033,2.761855363845825
340,2,10000,0.09055917710065842,2.4863507747650146
341,2,10000,0.06243206560611725,2.759462356567383
342,2,10000,0.0734785869717598,2.6872594356536865
343,2,10000,0.0866401195526123,2.585620880126953
344,2,10000,0.053028404712677,2.8623173236846924
345,2,10000,0.08681990951299667,2.6183478832244873
346,2,10000,0.09594941884279251,2.5657906532287598
347,2,10000,0.08006145060062408,2.62935471534729
348,2,10000,0.08308485150337219,2.561518907546997
349,2,10000,0.09371417760848999,2.528716564178467
350,2,10000,0.08566011488437653,2.5620927810668945
351,2,10000,0.05220964178442955,2.7965526580810547
352,2,10000,0.07687265425920486,2.6164417266845703
353,2,10000,0.052189234644174576,2.871396064758301
354,2,10000,0.09325940907001495,2.5436861515045166
355,2,10000,0.09125695377588272,2.555032730102539
356,2,10000,0.09113463014364243,2.5596444606781006
357,2,10000,0.08986098319292068,2.5523979663848877
358,2,10000,0.090041384100914,2.4086508750915527
359,2,10000,0.09103509783744812,2.558346748352051
360,2,10000,0.06764378398656845,2.786651134490967
361,2,10000,0.08938727527856827,2.528104782104492
362,2,10000,0.09086736291646957,2.487241744995117
363,2,10000,0.08226635307073593,2.605644941329956
364,2,10000,0.08486078679561615,2.5326168537139893
365,2,10000,0.09220901131629944,2.5017504692077637
366,2,10000,0.0828913226723671,2.596783399581909
367,2,10000,0.061277467757463455,2.766758918762207
368,2,10000,0.07121120393276215,2.762826442718506
369,2,10000,0.08844399452209473,2.5216610431671143
370,2,10000,0.08340256661176682,2.6057960987091064
371,2,10000,0.05624847486615181,2.874692678451538
372,2,10000,0.09040854126214981,2.514134645462036
373,2,10000,0.07519901543855667,2.5925400257110596
374,2,10000,0.05514884367585182,2.8307697772979736
375,2,10000,0.0861094743013382,2.4742202758789062
376,2,10000,0.08931650221347809,2.591430425643921
377,2,10000,0.09437815099954605,2.4515135288238525
378,2,10000,0.0858178362250328,2.5847837924957275
379,2,10000,0.09199433028697968,2.5927047729492188
380,2,10000,0.08373258262872696,2.563995122909546
381,2,10000,0.0640503317117691,2.7112467288970947
382,2,10000,0.10080911964178085,2.680158853530884
383,2,10000,0.09073644876480103,2.4223556518554688
384,2,10000,0.06506481766700745,2.871256113052368
385,2,10000,0.0910228043794632,2.6351048946380615
386,2,10000,0.07752133160829544,2.517920732498169
387,2,10000,0.0855969786643982,2.509251117706299
388,2,10000,0.07281790673732758,2.709524154663086
389,2,10000,0.04852346330881119,2.9613025188446045
390,2,10000,0.05758031830191612,2.8178000450134277
391,2,10000,0.09131866693496704,2.5235936641693115
392,2,10000,0.08507707715034485,2.5985453128814697
393,2,10000,0.05728938803076744,2.7721805572509766
394,2,10000,0.09127166867256165,2.482624053955078
395,2,10000,0.08650904148817062,2.4780359268188477
396,2,10000,0.08642861247062683,2.5272390842437744
397,2,10000,0.08775035291910172,2.538302183151245
398,2,10000,0.05865843594074249,2.8058407306671143
399,2,10000,0.06052061542868614,2.7630600929260254
400,2,10000,0.08735626190900803,2.5173988342285156
401,2,10000,0.09119191020727158,2.390843391418457
402,2,10000,0.0842987671494484,2.6399428844451904
403,2,10000,0.08713696897029877,2.4652299880981445
404,2,10000,0.08954907953739166,2.563364028930664
405,2,10000,0.06595730781555176,2.6877081394195557
406,2,10000,0.08828373998403549,2.484107732772827
407,2,10000,0.08888459205627441,2.564074754714966
408,2,10000,0.07213256508111954,2.7518045902252197
409,2,10000,0.06352158635854721,2.7027409076690674
410,2,10000,0.08413563668727875,2.426534652709961
411,2,10000,0.07899277657270432,2.598933696746826
412,2,10000,0.053901307284832,2.8011386394500732
413,2,10000,0.07808490842580795,2.8311195373535156
414,2,10000,0.1005554050207138,2.486443042755127
415,2,10000,0.08758524805307388,2.5371570587158203
416,2,10000,0.07301277667284012,2.692847728729248
417,2,10000,0.07815007865428925,2.6328132152557373
418,2,10000,0.0809544026851654,2.957343339920044
419,2,10000,0.06405793875455856,2.7013843059539795
420,2,10000,0.05457593500614166,2.817225217819214
421,2,10000,0.08724255114793777,2.5774245262145996
422,2,10000,0.08172604441642761,2.7637991905212402
423,2,10000,0.08803308010101318,2.5499868392944336
424,2,10000,0.09141119569540024,2.561305046081543
425,2,10000,0.056334324181079865,2.8246545791625977
426,2,10000,0.08725956827402115,2.4864296913146973
427,2,10000,0.08742117881774902,2.4504292011260986
428,2,10000,0.08047858625650406,2.5874125957489014
429,2,10000,0.08934814482927322,2.5149009227752686
430,2,10000,0.08189622312784195,2.555925130844116
431,2,10000,0.07272499054670334,2.6911933422088623
432,2,10000,0.06311071664094925,2.719789743423462
433,2,10000,0.08833077549934387,2.507827043533325
434,2,10000,0.05883655324578285,2.7971677780151367
435,2,10000,0.06496669352054596,2.831700086593628
436,2,10000,0.07933329790830612,2.649427890777588
437,2,10000,0.05923360213637352,2.6915571689605713
438,2,10000,0.061789076775312424,2.7311201095581055
439,2,10000,0.08644707500934601,2.5131335258483887
440,2,10000,0.08493734151124954,2.4964818954467773
441,2,10000,0.06785034388303757,2.6943039894104004
442,2,10000,0.05157541111111641,2.8536908626556396
443,2,10000,0.088697150349617,2.4668359756469727
444,2,10000,0.0478280708193779,2.8904170989990234
445,2,10000,0.08123046904802322,2.6967613697052
446,2,10000,0.06335322558879852,2.7292332649230957
447,2,10000,0.06631547212600708,2.808739185333252
448,2,10000,0.061936236917972565,2.84012508392334
449,2,10000,0.07783087342977524,2.59472918510437
450,2,10000,0.05891896039247513,2.8172876834869385
451,2,10000,0.056500863283872604,2.8029215335845947
